{
  "camera_model": "pinhole",
  "image_size": [
    1920,
    1080
  ],
  "fps": 30.0,
  "source": {
    "type": "interpolation",
    "interpolation": "kochanek-bartels",
    "keyframes": [
      {
        "pose": [
          0.9434540872805492,
          0.19216737995535715,
          0.2701222562697829,
          -1.008200561572654,
          -0.1391615044722518,
          0.9691523863704589,
          -0.20341522674632087,
          1.2169955745201273,
          -0.30087940925796863,
          0.15432232031032306,
          0.9410931014911658,
          2.7377397079806176
        ],
        "fov": null,
        "transition_duration": null,
        "appearance": {
          "embedding_train_index": 50
        }
      },
      {
        "pose": [
          0.9966917814796469,
          0.06991882879496047,
          -0.041434287352725224,
          0.1142438716697276,
          -0.07522498476831875,
          0.9866221278203889,
          -0.14463058241107754,
          1.0052121979713962,
          0.030767583266407664,
          0.1472690193417738,
          0.9886178305582524,
          2.5665224163697045
        ],
        "fov": null,
        "transition_duration": null,
        "appearance": {
          "embedding_train_index": 50
        }
      },
      {
        "pose": [
          0.9844940014266864,
          0.018864549661754344,
          -0.17440080268877883,
          0.5932821971411522,
          -0.04568689619924656,
          0.9874635109571367,
          -0.15109119382239614,
          1.0284878359331635,
          0.16936416454887865,
          0.15671621847761866,
          0.9730137870392094,
          2.6227390876049688
        ],
        "fov": null,
        "transition_duration": null,
        "appearance": {
          "embedding_train_index": 50
        }
      },
      {
        "pose": [
          0.9680511559847131,
          -0.033530908323106734,
          -0.24850067935771764,
          0.8828133847238583,
          -0.02790243019136151,
          0.9704601072262633,
          -0.2396427788993408,
          1.0929698935988328,
          0.24919544095337615,
          0.23892025688348795,
          0.9385194543505363,
          2.630826418314338
        ],
        "fov": null,
        "transition_duration": null,
        "appearance": {
          "embedding_train_index": 50
        }
      }
    ],
    "default_fov": 75.0,
    "default_appearance": {
      "embedding_train_index": 50
    },
    "is_cycle": true,
    "tension": 0.0,
    "default_transition_duration": 2.0
  },
  "frames": [
    {
      "pose": [
        0.9434540867805481,
        0.19216738641262054,
        0.2701222598552704,
        -1.0082005262374878,
        -0.13916149735450745,
        0.9691523909568787,
        -0.20341522991657257,
        1.2169955968856812,
        -0.30087941884994507,
        0.1543223261833191,
        0.9410930871963501,
        2.7377398014068604
      ],
      "intrinsics": [
        703.74169921875,
        703.74169921875,
        960.0,
        540.0
      ],
      "appearance_weights": [
        1.0,
        0.0,
        0.0,
        0.0
      ]
    },
    {
      "pose": [
        0.9429178833961487,
        0.19268715381622314,
        0.27162009477615356,
        -1.0137064456939697,
        -0.1396520435810089,
        0.9692177772521973,
        -0.2027663290500641,
        1.2161355018615723,
        -0.30232951045036316,
        0.15325970947742462,
        0.9408019781112671,
        2.737092971801758
      ],
      "intrinsics": [
        703.74169921875,
        703.74169921875,
        960.0,
        540.0
      ],
      "appearance_weights": [
        0.9993067383766174,
        0.008921382948756218,
        -0.00013770957593806088,
        -0.008090437389910221
      ]
    },
    {
      "pose": [
        0.942559003829956,
        0.1930128037929535,
        0.27263250946998596,
        -1.0173953771591187,
        -0.14004305005073547,
        0.969307541847229,
        -0.2020665556192398,
        1.2150295972824097,
        -0.3032661974430084,
        0.15227937698364258,
        0.9406597018241882,
        2.736233949661255
      ],
      "intrinsics": [
        703.74169921875,
        703.74169921875,
        960.0,
        540.0
      ],
      "appearance_weights": [
        0.9972552061080933,
        0.018921002745628357,
        -0.000541462330147624,
        -0.015634724870324135
      ]
    },
    {
      "pose": [
        0.9423741102218628,
        0.19315071403980255,
        0.2731734812259674,
        -1.0193188190460205,
        -0.14033684134483337,
        0.9694209694862366,
        -0.20131725072860718,
        1.2136857509613037,
        -0.3037046790122986,
        0.15137988328933716,
        0.9406633973121643,
        2.7351696491241455
      ],
      "intrinsics": [
        703.74169921875,
        703.74169921875,
        960.0,
        540.0
      ],
      "appearance_weights": [
        0.9938874244689941,
        0.029956666752696037,
        -0.0011971943313255906,
        -0.02264692634344101
      ]
    },
    {
      "pose": [
        0.9423589110374451,
        0.19310712814331055,
        0.27325674891471863,
        -1.0195280313491821,
        -0.1405356526374817,
        0.9695574045181274,
        -0.20051991939544678,
        1.2121119499206543,
        -0.30365994572639465,
        0.1505594402551651,
        0.9408094882965088,
        2.7339069843292236
      ],
      "intrinsics": [
        703.74169921875,
        703.74169921875,
        960.0,
        540.0
      ],
      "appearance_weights": [
        0.9892457723617554,
        0.04198618605732918,
        -0.00209084153175354,
        -0.029141103848814964
      ]
    },
    {
      "pose": [
        0.942508339881897,
        0.19288815557956696,
        0.27289581298828125,
        -1.018074631690979,
        -0.14064167439937592,
        0.9697161316871643,
        -0.19967621564865112,
        1.2103164196014404,
        -0.3031466603279114,
        0.14981599152088165,
        0.9410936832427979,
        2.7324533462524414
      ],
      "intrinsics": [
        703.74169921875,
        703.74169921875,
        960.0,
        540.0
      ],
      "appearance_weights": [
        0.9833723306655884,
        0.05496736243367195,
        -0.003208340145647526,
        -0.03513132408261299
      ]
    },
    {
      "pose": [
        0.9428166151046753,
        0.19249972701072693,
        0.2721039950847626,
        -1.0150099992752075,
        -0.14065703749656677,
        0.9698963761329651,
        -0.19878792762756348,
        1.208306908607483,
        -0.3021793067455292,
        0.14914722740650177,
        0.9415109157562256,
        2.7308156490325928
      ],
      "intrinsics": [
        703.74169921875,
        703.74169921875,
        960.0,
        540.0
      ],
      "appearance_weights": [
        0.9763092398643494,
        0.06885801255702972,
        -0.004535626154392958,
        -0.040631651878356934
      ]
    },
    {
      "pose": [
        0.9432774186134338,
        0.19194765388965607,
        0.2708943784236908,
        -1.010385513305664,
        -0.1405838578939438,
        0.9700973629951477,
        -0.19785693287849426,
        1.2060917615890503,
        -0.300772100687027,
        0.1485506147146225,
        0.9420556426048279,
        2.72900128364563
      ],
      "intrinsics": [
        703.74169921875,
        703.74169921875,
        960.0,
        540.0
      ],
      "appearance_weights": [
        0.9680988192558289,
        0.08361593633890152,
        -0.00605863519012928,
        -0.04565614461898804
      ]
    },
    {
      "pose": [
        0.9438836574554443,
        0.1912376433610916,
        0.26927995681762695,
        -1.0042526721954346,
        -0.14042417705059052,
        0.9703181385993958,
        -0.19688527286052704,
        1.2036787271499634,
        -0.2989391088485718,
        0.14802339673042297,
        0.9427218437194824,
        2.7270169258117676
      ],
      "intrinsics": [
        703.74169921875,
        703.74169921875,
        960.0,
        540.0
      ],
      "appearance_weights": [
        0.9587832093238831,
        0.09919894486665726,
        -0.007763304281979799,
        -0.05021887272596359
      ]
    },
    {
      "pose": [
        0.9446280002593994,
        0.19037525355815887,
        0.26727354526519775,
        -0.9966627955436707,
        -0.14018002152442932,
        0.9705578684806824,
        -0.19587503373622894,
        1.2010760307312012,
        -0.29669421911239624,
        0.1475626528263092,
        0.9435029625892639,
        2.724870204925537
      ],
      "intrinsics": [
        703.74169921875,
        703.74169921875,
        960.0,
        540.0
      ],
      "appearance_weights": [
        0.9484046101570129,
        0.11556485295295715,
        -0.009635568596422672,
        -0.054333899170160294
      ]
    },
    {
      "pose": [
        0.9455024600028992,
        0.18936599791049957,
        0.26488789916038513,
        -0.987667441368103,
        -0.13985343277454376,
        0.9708155989646912,
        -0.19482845067977905,
        1.1982916593551636,
        -0.2940512001514435,
        0.14716531336307526,
        0.9443920254707336,
        2.7225677967071533
      ],
      "intrinsics": [
        703.74169921875,
        703.74169921875,
        960.0,
        540.0
      ],
      "appearance_weights": [
        0.9370052218437195,
        0.13267146050930023,
        -0.011661364696919918,
        -0.058015286922454834
      ]
    },
    {
      "pose": [
        0.9464987516403198,
        0.18821528553962708,
        0.2621355950832367,
        -0.9773179292678833,
        -0.139446422457695,
        0.9710903763771057,
        -0.19374777376651764,
        1.195333480834961,
        -0.2910236716270447,
        0.14682817459106445,
        0.9453818202018738,
        2.7201168537139893
      ],
      "intrinsics": [
        703.74169921875,
        703.74169921875,
        960.0,
        540.0
      ],
      "appearance_weights": [
        0.9246271252632141,
        0.1504765748977661,
        -0.013826627284288406,
        -0.06127709895372391
      ]
    },
    {
      "pose": [
        0.9476083517074585,
        0.18692846596240997,
        0.2590292692184448,
        -0.9656657576560974,
        -0.13896098732948303,
        0.9713812470436096,
        -0.19263537228107452,
        1.1922097206115723,
        -0.28762519359588623,
        0.14654792845249176,
        0.9464647173881531,
        2.717524766921997
      ],
      "intrinsics": [
        703.74169921875,
        703.74169921875,
        960.0,
        540.0
      ],
      "appearance_weights": [
        0.9113126993179321,
        0.16893801093101501,
        -0.016117295250296593,
        -0.06413339823484421
      ]
    },
    {
      "pose": [
        0.9488223195075989,
        0.1855107843875885,
        0.25558143854141235,
        -0.9527623653411865,
        -0.1383991688489914,
        0.9716871380805969,
        -0.19149364531040192,
        1.1889283657073975,
        -0.28386932611465454,
        0.14632120728492737,
        0.9476330280303955,
        2.7147984504699707
      ],
      "intrinsics": [
        703.74169921875,
        703.74169921875,
        960.0,
        540.0
      ],
      "appearance_weights": [
        0.8971039652824402,
        0.18801356852054596,
        -0.01851930096745491,
        -0.06659825891256332
      ]
    },
    {
      "pose": [
        0.9501317143440247,
        0.18396751582622528,
        0.2518046498298645,
        -0.938659131526947,
        -0.13776299357414246,
        0.9720070958137512,
        -0.1903250366449356,
        1.1854974031448364,
        -0.27976953983306885,
        0.14614450931549072,
        0.9488787055015564,
        2.711945056915283
      ],
      "intrinsics": [
        703.74169921875,
        703.74169921875,
        960.0,
        540.0
      ],
      "appearance_weights": [
        0.8820432424545288,
        0.20766106247901917,
        -0.021018583327531815,
        -0.06868572533130646
      ]
    },
    {
      "pose": [
        0.9515273571014404,
        0.18230381608009338,
        0.2477114498615265,
        -0.9234074950218201,
        -0.13705451786518097,
        0.9723400473594666,
        -0.18913206458091736,
        1.181924819946289,
        -0.275339275598526,
        0.14601436257362366,
        0.9501937031745911,
        2.7089717388153076
      ],
      "intrinsics": [
        703.74169921875,
        703.74169921875,
        960.0,
        540.0
      ],
      "appearance_weights": [
        0.8661726713180542,
        0.22783829271793365,
        -0.023601077497005463,
        -0.0704098790884018
      ]
    },
    {
      "pose": [
        0.9529998898506165,
        0.18052488565444946,
        0.24331438541412354,
        -0.9070589542388916,
        -0.13627584278583527,
        0.9726849794387817,
        -0.18791723251342773,
        1.1782187223434448,
        -0.27059200406074524,
        0.14592723548412323,
        0.9515698552131653,
        2.705885410308838
      ],
      "intrinsics": [
        703.74169921875,
        703.74169921875,
        960.0,
        540.0
      ],
      "appearance_weights": [
        0.8495343923568726,
        0.24850308895111084,
        -0.02625271864235401,
        -0.07178477942943573
      ]
    },
    {
      "pose": [
        0.9545400738716125,
        0.1786358505487442,
        0.23862609267234802,
        -0.889664888381958,
        -0.13542909920215607,
        0.9730408191680908,
        -0.18668308854103088,
        1.1743872165679932,
        -0.2655412256717682,
        0.1458795815706253,
        0.9529989361763,
        2.702693462371826
      ],
      "intrinsics": [
        703.74169921875,
        703.74169921875,
        960.0,
        540.0
      ],
      "appearance_weights": [
        0.8321707248687744,
        0.26961323618888855,
        -0.028959445655345917,
        -0.07282448559999466
      ]
    },
    {
      "pose": [
        0.956138551235199,
        0.17664185166358948,
        0.23365923762321472,
        -0.8712766766548157,
        -0.13451646268367767,
        0.9734064936637878,
        -0.18543219566345215,
        1.1704380512237549,
        -0.26020053029060364,
        0.14586786925792694,
        0.9544727802276611,
        2.6994028091430664
      ],
      "intrinsics": [
        703.74169921875,
        703.74169921875,
        960.0,
        540.0
      ],
      "appearance_weights": [
        0.8141236901283264,
        0.291126549243927,
        -0.03170718997716904,
        -0.07354306429624557
      ]
    },
    {
      "pose": [
        0.9577860832214355,
        0.17454801499843597,
        0.22842659056186676,
        -0.8519458174705505,
        -0.13354013860225677,
        0.9737810492515564,
        -0.18416711688041687,
        1.1663795709609985,
        -0.2545835077762604,
        0.14588859677314758,
        0.9559831619262695,
        2.6960206031799316
      ],
      "intrinsics": [
        703.74169921875,
        703.74169921875,
        960.0,
        540.0
      ],
      "appearance_weights": [
        0.7954356670379639,
        0.3130008280277252,
        -0.03448189049959183,
        -0.07395458221435547
      ]
    },
    {
      "pose": [
        0.9594735503196716,
        0.17235951125621796,
        0.22294096648693085,
        -0.8317237496376038,
        -0.13250240683555603,
        0.9741633534431458,
        -0.1828904002904892,
        1.1622196435928345,
        -0.24870383739471436,
        0.14593830704689026,
        0.9575220346450806,
        2.692554235458374
      ],
      "intrinsics": [
        703.74169921875,
        703.74169921875,
        960.0,
        540.0
      ],
      "appearance_weights": [
        0.7761486768722534,
        0.3351939022541046,
        -0.037269484251737595,
        -0.07407310605049133
      ]
    },
    {
      "pose": [
        0.9611918330192566,
        0.1700814664363861,
        0.21721534430980682,
        -0.8106618523597717,
        -0.13140560686588287,
        0.9745523929595947,
        -0.18160460889339447,
        1.1579662561416626,
        -0.24257531762123108,
        0.1460135579109192,
        0.9590814709663391,
        2.6890101432800293
      ],
      "intrinsics": [
        703.74169921875,
        703.74169921875,
        960.0,
        540.0
      ],
      "appearance_weights": [
        0.7563050389289856,
        0.3576635718345642,
        -0.040055908262729645,
        -0.07391268759965897
      ]
    },
    {
      "pose": [
        0.9629321098327637,
        0.1677190661430359,
        0.2112627774477005,
        -0.7888115644454956,
        -0.13025210797786713,
        0.9749471545219421,
        -0.18031224608421326,
        1.153627634048462,
        -0.2362118512392044,
        0.14611104130744934,
        0.9606537222862244,
        2.685396194458008
      ],
      "intrinsics": [
        703.74169921875,
        703.74169921875,
        960.0,
        540.0
      ],
      "appearance_weights": [
        0.7359468936920166,
        0.380367636680603,
        -0.04282709211111069,
        -0.07348740100860596
      ]
    },
    {
      "pose": [
        0.9646857976913452,
        0.16527749598026276,
        0.20509646832942963,
        -0.7662243843078613,
        -0.12904441356658936,
        0.975346565246582,
        -0.17901581525802612,
        1.1492115259170532,
        -0.22962743043899536,
        0.14622747898101807,
        0.9622311592102051,
        2.6817188262939453
      ],
      "intrinsics": [
        703.74169921875,
        703.74169921875,
        960.0,
        540.0
      ],
      "appearance_weights": [
        0.7151163816452026,
        0.4032638967037201,
        -0.04556897655129433,
        -0.0728113055229187
      ]
    },
    {
      "pose": [
        0.9664444923400879,
        0.16276197135448456,
        0.1987297236919403,
        -0.7429516315460205,
        -0.12778501212596893,
        0.975749671459198,
        -0.17771779000759125,
        1.144726276397705,
        -0.22283615171909332,
        0.14635971188545227,
        0.9638064503669739,
        2.677985668182373
      ],
      "intrinsics": [
        703.74169921875,
        703.74169921875,
        960.0,
        540.0
      ],
      "appearance_weights": [
        0.6938557624816895,
        0.4263101816177368,
        -0.04826749861240387,
        -0.0718984603881836
      ]
    },
    {
      "pose": [
        0.9682000875473022,
        0.16017775237560272,
        0.1921759843826294,
        -0.7190448045730591,
        -0.12647652626037598,
        0.9761554598808289,
        -0.17642055451869965,
        1.1401796340942383,
        -0.215852290391922,
        0.14650465548038483,
        0.9653725624084473,
        2.674203634262085
      ],
      "intrinsics": [
        703.74169921875,
        703.74169921875,
        960.0,
        540.0
      ],
      "appearance_weights": [
        0.672207236289978,
        0.4494642913341522,
        -0.05090859532356262,
        -0.07076294720172882
      ]
    },
    {
      "pose": [
        0.9699448347091675,
        0.15753011405467987,
        0.18544887006282806,
        -0.6945553421974182,
        -0.12512162327766418,
        0.976563036441803,
        -0.17512650787830353,
        1.1355797052383423,
        -0.20869021117687225,
        0.14665940403938293,
        0.9669226408004761,
        2.670379877090454
      ],
      "intrinsics": [
        703.74169921875,
        703.74169921875,
        960.0,
        540.0
      ],
      "appearance_weights": [
        0.6502130031585693,
        0.47268402576446533,
        -0.05347819626331329,
        -0.06941881030797958
      ]
    },
    {
      "pose": [
        0.9716712236404419,
        0.1548243910074234,
        0.17856210470199585,
        -0.6695346832275391,
        -0.12372304499149323,
        0.9769713282585144,
        -0.17383795976638794,
        1.1309345960617065,
        -0.2013644129037857,
        0.14682109653949738,
        0.9684503078460693,
        2.6665213108062744
      ],
      "intrinsics": [
        703.74169921875,
        703.74169921875,
        960.0,
        540.0
      ],
      "appearance_weights": [
        0.6279151439666748,
        0.49592721462249756,
        -0.05596224218606949,
        -0.06788012385368347
      ]
    },
    {
      "pose": [
        0.973372220993042,
        0.1520659327507019,
        0.17152954638004303,
        -0.644034206867218,
        -0.12228362262248993,
        0.977379560470581,
        -0.17255714535713196,
        1.126252293586731,
        -0.1938895434141159,
        0.14698709547519684,
        0.9699493050575256,
        2.662635326385498
      ],
      "intrinsics": [
        703.74169921875,
        703.74169921875,
        960.0,
        540.0
      ],
      "appearance_weights": [
        0.605355978012085,
        0.5191516280174255,
        -0.058346670120954514,
        -0.06616095453500748
      ]
    },
    {
      "pose": [
        0.9750412702560425,
        0.14926014840602875,
        0.1643652319908142,
        -0.6181053519248962,
        -0.1208062544465065,
        0.9777867197990417,
        -0.17128625512123108,
        1.121540904045105,
        -0.18628035485744476,
        0.1471548229455948,
        0.9714139699935913,
        2.658728837966919
      ],
      "intrinsics": [
        703.74169921875,
        703.74169921875,
        960.0,
        540.0
      ],
      "appearance_weights": [
        0.582577645778656,
        0.5423151254653931,
        -0.060617413371801376,
        -0.064275361597538
      ]
    },
    {
      "pose": [
        0.9766719937324524,
        0.1464124619960785,
        0.15708330273628235,
        -0.5917995572090149,
        -0.11929392069578171,
        0.9781920313835144,
        -0.17002739012241364,
        1.116808295249939,
        -0.17855176329612732,
        0.1473219245672226,
        0.9728388786315918,
        2.6548092365264893
      ],
      "intrinsics": [
        703.74169921875,
        703.74169921875,
        960.0,
        540.0
      ],
      "appearance_weights": [
        0.5596223473548889,
        0.5653754472732544,
        -0.06276040524244308,
        -0.06223740428686142
      ]
    },
    {
      "pose": [
        0.9782586693763733,
        0.14352834224700928,
        0.14969804883003235,
        -0.5651682615280151,
        -0.1177496686577797,
        0.9785946607589722,
        -0.16878260672092438,
        1.1120625734329224,
        -0.17071880400180817,
        0.14748616516590118,
        0.9742191433906555,
        2.650883197784424
      ],
      "intrinsics": [
        703.74169921875,
        703.74169921875,
        960.0,
        540.0
      ],
      "appearance_weights": [
        0.5365322828292847,
        0.5882904529571533,
        -0.06476159393787384,
        -0.06006115302443504
      ]
    },
    {
      "pose": [
        0.9797959923744202,
        0.14061333239078522,
        0.14222386479377747,
        -0.5382628440856934,
        -0.11617664247751236,
        0.9789937138557434,
        -0.1675538271665573,
        1.1073118448257446,
        -0.16279658675193787,
        0.1476454883813858,
        0.9755501747131348,
        2.646958112716675
      ],
      "intrinsics": [
        703.74169921875,
        703.74169921875,
        960.0,
        540.0
      ],
      "appearance_weights": [
        0.5133495926856995,
        0.6110180020332336,
        -0.06660690158605576,
        -0.05776067078113556
      ]
    },
    {
      "pose": [
        0.9812790751457214,
        0.13767294585704803,
        0.13467532396316528,
        -0.5111348628997803,
        -0.11457803100347519,
        0.9793885350227356,
        -0.16634291410446167,
        1.1025639772415161,
        -0.1548003852367401,
        0.14779800176620483,
        0.97682785987854,
        2.643040895462036
      ],
      "intrinsics": [
        703.74169921875,
        703.74169921875,
        960.0,
        540.0
      ],
      "appearance_weights": [
        0.49011650681495667,
        0.6335157752037048,
        -0.06828226894140244,
        -0.05535002052783966
      ]
    },
    {
      "pose": [
        0.9827036261558533,
        0.1347128003835678,
        0.12706702947616577,
        -0.4838356077671051,
        -0.11295711249113083,
        0.9797783493995667,
        -0.16515164077281952,
        1.0978271961212158,
        -0.14674557745456696,
        0.14794200658798218,
        0.9780485033988953,
        2.63913893699646
      ],
      "intrinsics": [
        703.74169921875,
        703.74169921875,
        960.0,
        540.0
      ],
      "appearance_weights": [
        0.46687525510787964,
        0.6557416319847107,
        -0.06977363675832748,
        -0.05284326523542404
      ]
    },
    {
      "pose": [
        0.9840656518936157,
        0.13173851370811462,
        0.11941377818584442,
        -0.45641660690307617,
        -0.1113172322511673,
        0.980162501335144,
        -0.16398169100284576,
        1.093109369277954,
        -0.13864761590957642,
        0.14807595312595367,
        0.9792090654373169,
        2.6352593898773193
      ],
      "intrinsics": [
        703.74169921875,
        703.74169921875,
        960.0,
        540.0
      ],
      "appearance_weights": [
        0.4436679482460022,
        0.677653431892395,
        -0.07106693089008331,
        -0.050254471600055695
      ]
    },
    {
      "pose": [
        0.9853619933128357,
        0.12875571846961975,
        0.11173040419816971,
        -0.4289292097091675,
        -0.10966181755065918,
        0.9805402755737305,
        -0.16283461451530457,
        1.0884186029434204,
        -0.13052205741405487,
        0.14819850027561188,
        0.9803066849708557,
        2.631408929824829
      ],
      "intrinsics": [
        703.74169921875,
        703.74169921875,
        960.0,
        540.0
      ],
      "appearance_weights": [
        0.4205368459224701,
        0.6992089748382568,
        -0.07214809954166412,
        -0.04759770259261131
      ]
    },
    {
      "pose": [
        0.9865896701812744,
        0.12577010691165924,
        0.10403184592723846,
        -0.40142491459846497,
        -0.10799434036016464,
        0.9809110760688782,
        -0.1617119163274765,
        1.083762764930725,
        -0.12238451838493347,
        0.14830847084522247,
        0.9813392162322998,
        2.6275949478149414
      ],
      "intrinsics": [
        703.74169921875,
        703.74169921875,
        960.0,
        540.0
      ],
      "appearance_weights": [
        0.3975241184234619,
        0.7203660011291504,
        -0.07300306856632233,
        -0.04488702118396759
      ]
    },
    {
      "pose": [
        0.9877464771270752,
        0.12278739362955093,
        0.09633313119411469,
        -0.3739551305770874,
        -0.10631833970546722,
        0.9812743067741394,
        -0.1606149673461914,
        1.0791501998901367,
        -0.11425072699785233,
        0.14840489625930786,
        0.9823048114776611,
        2.6238245964050293
      ],
      "intrinsics": [
        703.74169921875,
        703.74169921875,
        960.0,
        540.0
      ],
      "appearance_weights": [
        0.37467193603515625,
        0.7410823106765747,
        -0.07361777871847153,
        -0.04213649407029152
      ]
    },
    {
      "pose": [
        0.9888306260108948,
        0.11981328576803207,
        0.08864933997392654,
        -0.34657126665115356,
        -0.10463742166757584,
        0.981629490852356,
        -0.15954501926898956,
        1.074588656425476,
        -0.10613641887903214,
        0.14848698675632477,
        0.9832022786140442,
        2.620105028152466
      ],
      "intrinsics": [
        703.74169921875,
        703.74169921875,
        960.0,
        540.0
      ],
      "appearance_weights": [
        0.35202252864837646,
        0.7613158226013184,
        -0.07397817075252533,
        -0.039360180497169495
      ]
    },
    {
      "pose": [
        0.9898408651351929,
        0.11685354262590408,
        0.08099561184644699,
        -0.3193247616291046,
        -0.10295524448156357,
        0.9819760322570801,
        -0.15850326418876648,
        1.0700863599777222,
        -0.09805742651224136,
        0.14855410158634186,
        0.9840307235717773,
        2.616442918777466
      ],
      "intrinsics": [
        703.74169921875,
        703.74169921875,
        960.0,
        540.0
      ],
      "appearance_weights": [
        0.32961806654930115,
        0.7810242772102356,
        -0.07407017052173615,
        -0.03657214716076851
      ]
    },
    {
      "pose": [
        0.9907764196395874,
        0.11391393095254898,
        0.07338714599609375,
        -0.2922670543193817,
        -0.10127551853656769,
        0.9823135733604431,
        -0.15749076008796692,
        1.0656511783599854,
        -0.09002958238124847,
        0.1486058235168457,
        0.9847898483276367,
        2.6128458976745605
      ],
      "intrinsics": [
        703.74169921875,
        703.74169921875,
        960.0,
        540.0
      ],
      "appearance_weights": [
        0.3075007200241089,
        0.8001654744148254,
        -0.07387972623109818,
        -0.033786457031965256
      ]
    },
    {
      "pose": [
        0.991637110710144,
        0.11100021749734879,
        0.06583914905786514,
        -0.265449583530426,
        -0.09960200637578964,
        0.9826416373252869,
        -0.1565084606409073,
        1.0612910985946655,
        -0.08206876367330551,
        0.148641899228096,
        0.9854797720909119,
        2.609320878982544
      ],
      "intrinsics": [
        703.74169921875,
        703.74169921875,
        960.0,
        540.0
      ],
      "appearance_weights": [
        0.28571271896362305,
        0.8186972141265869,
        -0.07339275628328323,
        -0.031017178669571877
      ]
    },
    {
      "pose": [
        0.9924231767654419,
        0.10811819136142731,
        0.05836687609553337,
        -0.23892375826835632,
        -0.09793850779533386,
        0.9829598069190979,
        -0.15555723011493683,
        1.0570144653320312,
        -0.07419086247682571,
        0.1486622542142868,
        0.9861010313034058,
        2.605875015258789
      ],
      "intrinsics": [
        703.74169921875,
        703.74169921875,
        960.0,
        540.0
      ],
      "appearance_weights": [
        0.2642962634563446,
        0.8365773558616638,
        -0.07259521633386612,
        -0.028278369456529617
      ]
    },
    {
      "pose": [
        0.993135392665863,
        0.10527364909648895,
        0.05098557844758034,
        -0.21274103224277496,
        -0.09628887474536896,
        0.9832678437232971,
        -0.15463782846927643,
        1.0528289079666138,
        -0.06641177088022232,
        0.14866696298122406,
        0.9866547584533691,
        2.60251522064209
      ],
      "intrinsics": [
        703.74169921875,
        703.74169921875,
        960.0,
        540.0
      ],
      "appearance_weights": [
        0.24329349398612976,
        0.8537636399269104,
        -0.07147303223609924,
        -0.02558409608900547
      ]
    },
    {
      "pose": [
        0.9937750101089478,
        0.10247237980365753,
        0.04371052235364914,
        -0.18695279955863953,
        -0.09465698152780533,
        0.9835653305053711,
        -0.15375091135501862,
        1.0487427711486816,
        -0.05874737724661827,
        0.14865632355213165,
        0.9871423840522766,
        2.5992488861083984
      ],
      "intrinsics": [
        703.74169921875,
        703.74169921875,
        960.0,
        540.0
      ],
      "appearance_weights": [
        0.22274664044380188,
        0.8702139258384705,
        -0.07001213729381561,
        -0.02294842153787613
      ]
    },
    {
      "pose": [
        0.9943436980247498,
        0.09972017258405685,
        0.03655695915222168,
        -0.16161051392555237,
        -0.09304673969745636,
        0.9838520288467407,
        -0.15289703011512756,
        1.0447639226913452,
        -0.05121355876326561,
        0.14863070845603943,
        0.9875657558441162,
        2.596082925796509
      ],
      "intrinsics": [
        703.74169921875,
        703.74169921875,
        960.0,
        540.0
      ],
      "appearance_weights": [
        0.20269787311553955,
        0.885886013507843,
        -0.06819847226142883,
        -0.020385412499308586
      ]
    },
    {
      "pose": [
        0.9948436617851257,
        0.09702282398939133,
        0.029540125280618668,
        -0.13676561415195465,
        -0.09146209061145782,
        0.9841277599334717,
        -0.15207667648792267,
        1.0409003496170044,
        -0.04382616654038429,
        0.14859072864055634,
        0.9879271388053894,
        2.593024730682373
      ],
      "intrinsics": [
        703.74169921875,
        703.74169921875,
        960.0,
        540.0
      ],
      "appearance_weights": [
        0.18318940699100494,
        0.9007377028465271,
        -0.06601797044277191,
        -0.017909130081534386
      ]
    },
    {
      "pose": [
        0.9952773451805115,
        0.09438611567020416,
        0.02267524041235447,
        -0.11246950924396515,
        -0.08990700542926788,
        0.9843922257423401,
        -0.15129022300243378,
        1.0371602773666382,
        -0.036601029336452484,
        0.14853708446025848,
        0.9882292747497559,
        2.590080976486206
      ],
      "intrinsics": [
        703.74169921875,
        703.74169921875,
        960.0,
        540.0
      ],
      "appearance_weights": [
        0.16426342725753784,
        0.9147267937660217,
        -0.06345657259225845,
        -0.015533640049397945
      ]
    },
    {
      "pose": [
        0.9956477880477905,
        0.09181582927703857,
        0.015977485105395317,
        -0.08877364546060562,
        -0.08838547021150589,
        0.9846453070640564,
        -0.15053796768188477,
        1.033551573753357,
        -0.02955392561852932,
        0.14847062528133392,
        0.9884751439094543,
        2.58725905418396
      ],
      "intrinsics": [
        703.74169921875,
        703.74169921875,
        960.0,
        540.0
      ],
      "appearance_weights": [
        0.14596211910247803,
        0.9278110861778259,
        -0.060500212013721466,
        -0.013273005373775959
      ]
    },
    {
      "pose": [
        0.9959582090377808,
        0.08931771665811539,
        0.009462006390094757,
        -0.06572943925857544,
        -0.0869014784693718,
        0.9848868250846863,
        -0.14982011914253235,
        1.0300822257995605,
        -0.0227005984634161,
        0.14839233458042145,
        0.9886680245399475,
        2.5845658779144287
      ],
      "intrinsics": [
        703.74169921875,
        703.74169921875,
        960.0,
        540.0
      ],
      "appearance_weights": [
        0.12832766771316528,
        0.9399484395980835,
        -0.057134825736284256,
        -0.01114129088819027
      ]
    },
    {
      "pose": [
        0.9962122440338135,
        0.08689755201339722,
        0.003143907990306616,
        -0.043388329446315765,
        -0.08545905351638794,
        0.985116720199585,
        -0.14913684129714966,
        1.026760458946228,
        -0.016056744381785393,
        0.14830328524112701,
        0.9888115525245667,
        2.5820088386535645
      ],
      "intrinsics": [
        703.74169921875,
        703.74169921875,
        960.0,
        540.0
      ],
      "appearance_weights": [
        0.11140228807926178,
        0.9510965943336487,
        -0.05334634706377983,
        -0.00915255956351757
      ]
    },
    {
      "pose": [
        0.9964138865470886,
        0.0845610648393631,
        -0.002961755497381091,
        -0.021801741793751717,
        -0.08406220376491547,
        0.9853348731994629,
        -0.14848819375038147,
        1.0235941410064697,
        -0.009638000279664993,
        0.14820468425750732,
        0.9889097809791565,
        2.579594850540161
      ],
      "intrinsics": [
        703.74169921875,
        703.74169921875,
        960.0,
        540.0
      ],
      "appearance_weights": [
        0.0952281504869461,
        0.9612134099006653,
        -0.0491207130253315,
        -0.007320875767618418
      ]
    },
    {
      "pose": [
        0.9965671896934509,
        0.08231397718191147,
        -0.008839978836476803,
        -0.0010211102198809385,
        -0.08271495997905731,
        0.9855412244796753,
        -0.14787422120571136,
        1.020591378211975,
        -0.0034599537029862404,
        0.14809781312942505,
        0.988966703414917,
        2.577331304550171
      ],
      "intrinsics": [
        703.74169921875,
        703.74169921875,
        960.0,
        540.0
      ],
      "appearance_weights": [
        0.07984745502471924,
        0.9702566862106323,
        -0.04444386065006256,
        -0.005660302937030792
      ]
    },
    {
      "pose": [
        0.9966766834259033,
        0.08016201853752136,
        -0.014475812204182148,
        0.018902137875556946,
        -0.08142135292291641,
        0.9857356548309326,
        -0.14729487895965576,
        1.017760157585144,
        0.0024618683382868767,
        0.14798402786254883,
        0.9889866709709167,
        2.5752248764038086
      ],
      "intrinsics": [
        703.74169921875,
        703.74169921875,
        960.0,
        540.0
      ],
      "appearance_weights": [
        0.06530239433050156,
        0.9781842231750488,
        -0.03930172696709633,
        -0.004184906370937824
      ]
    },
    {
      "pose": [
        0.9967469573020935,
        0.07811086624860764,
        -0.019854357466101646,
        0.03791657090187073,
        -0.08018539845943451,
        0.9859182238578796,
        -0.14675010740756989,
        1.0151084661483765,
        0.008111993782222271,
        0.14786475896835327,
        0.9889743328094482,
        2.5732827186584473
      ],
      "intrinsics": [
        703.74169921875,
        703.74169921875,
        960.0,
        540.0
      ],
      "appearance_weights": [
        0.05163515731692314,
        0.9849538207054138,
        -0.03368024528026581,
        -0.00290874857455492
      ]
    },
    {
      "pose": [
        0.996782660484314,
        0.07616621255874634,
        -0.024960771203041077,
        0.05597076192498207,
        -0.07901111245155334,
        0.9860888123512268,
        -0.14623978734016418,
        1.0126444101333618,
        0.013475007377564907,
        0.14774146676063538,
        0.9889342188835144,
        2.571512460708618
      ],
      "intrinsics": [
        703.74169921875,
        703.74169921875,
        960.0,
        540.0
      ],
      "appearance_weights": [
        0.03888794034719467,
        0.9905233383178711,
        -0.027565356343984604,
        -0.001845894381403923
      ]
    },
    {
      "pose": [
        0.9967886209487915,
        0.07433371990919113,
        -0.02978026680648327,
        0.07301327586174011,
        -0.07790249586105347,
        0.9862474799156189,
        -0.14576378464698792,
        1.0103759765625,
        0.018535548821091652,
        0.14761565625667572,
        0.9888710975646973,
        2.569920539855957
      ],
      "intrinsics": [
        703.74169921875,
        703.74169921875,
        960.0,
        540.0
      ],
      "appearance_weights": [
        0.02710293047130108,
        0.9948504567146301,
        -0.020942989736795425,
        -0.0010104073444381356
      ]
    },
    {
      "pose": [
        0.9967697858810425,
