{
  "camera_model": "pinhole",
  "image_size": [
    1920,
    1080
  ],
  "fps": 30.0,
  "source": {
    "type": "interpolation",
    "interpolation": "kochanek-bartels",
    "keyframes": [
      {
        "pose": [
          0.9535559397482533,
          0.1550032731556369,
          0.2582731473174873,
          -0.6306705777583684,
          0.006558356023879487,
          0.8465481698016089,
          -0.5322717373406604,
          0.9709941535682161,
          -0.30114452702254507,
          0.5092447252827536,
          0.8062144887514797,
          3.467116452265241
        ],
        "fov": null,
        "transition_duration": null
      },
      {
        "pose": [
          0.996361125816066,
          0.03595140162878893,
          0.07727850430024297,
          -0.17460661733132246,
          0.007530686218465149,
          0.8660063258151252,
          -0.4999763500537808,
          0.8896173681338732,
          -0.08489852554729248,
          0.4987389601170879,
          0.862584319517791,
          3.3250777275863186
        ],
        "fov": null,
        "transition_duration": null
      },
      {
        "pose": [
          0.9641533976617223,
          -0.12553629831782223,
          -0.2337708859662195,
          0.6091647388177361,
          0.008312175414623082,
          0.8948627382533443,
          -0.44626405370076333,
          0.7542750055643112,
          0.2652151974831354,
          0.4283238583548847,
          0.8638284491985174,
          3.3219428132042235
        ],
        "fov": null,
        "transition_duration": null
      },
      {
        "pose": [
          0.9810525474481288,
          -0.11047633073032728,
          -0.159156661931935,
          0.36395647473214915,
          0.008232750600136268,
          0.8445184376084715,
          -0.5354632093400417,
          0.7866003532002686,
          0.1935667497446012,
          0.5240072500456172,
          0.8294265088298605,
          3.7067081421032118
        ],
        "fov": null,
        "transition_duration": null
      },
      {
        "pose": [
          0.980090474528501,
          -0.10983306156850245,
          -0.1654065411898903,
          0.3426178085511664,
          0.008239439655530305,
          0.8548477464017222,
          -0.5188135120695051,
          0.641349098060736,
          0.19838028914348382,
          0.5071213251773276,
          0.8387331164837173,
          3.8632708551803647
        ],
        "fov": null,
        "transition_duration": null
      }
    ],
    "default_fov": 75.0,
    "default_appearance": null,
    "is_cycle": true,
    "tension": 0.0,
    "default_transition_duration": 2.0
  },
  "frames": [
    {
      "pose": [
        0.9535559415817261,
        0.15500327944755554,
        0.2582731544971466,
        -0.6306706070899963,
        0.006558355875313282,
        0.8465481400489807,
        -0.5322717428207397,
        0.9709941744804382,
        -0.301144540309906,
        0.5092447400093079,
        0.8062145113945007,
        3.467116355895996
      ],
      "intrinsics": [
        703.74169921875,
        703.74169921875,
        960.0,
        540.0
      ],
      "appearance_weights": [
        1.0,
        0.0,
        0.0,
        0.0,
        0.0
      ]
    },
    {
      "pose": [
        0.9528919458389282,
        0.1560763418674469,
        0.2600712776184082,
        -0.6346439123153687,
        0.006552308797836304,
        0.8466513752937317,
        -0.5321075916290283,
        0.9729633927345276,
        -0.303239107131958,
        0.5087451338768005,
        0.8057446479797363,
        3.462667942047119
      ],
      "intrinsics": [
        703.74169921875,
        703.74169921875,
        960.0,
        540.0
      ],
      "appearance_weights": [
        0.9993079304695129,
        0.008913467638194561,
        -0.00013748134369961917,
        0.0,
        -0.008083903230726719
      ]
    },
    {
      "pose": [
        0.9523335099220276,
        0.156956747174263,
        0.26158249378204346,
        -0.6379249095916748,
        0.006548168603330851,
        0.8467671275138855,
        -0.5319234132766724,
        0.9747229218482971,
        -0.30498844385147095,
        0.508281409740448,
        0.8053770065307617,
        3.4583208560943604
      ],
      "intrinsics": [
        703.74169921875,
        703.74169921875,
        960.0,
        540.0
      ],
      "appearance_weights": [
        0.9972597360610962,
        0.018903404474258423,
        -0.0005405729170888662,
        0.0,
        -0.015622557140886784
      ]
    },
    {
      "pose": [
        0.9518799781799316,
        0.15764938294887543,
        0.26281386613845825,
        -0.6405290365219116,
        0.00654578348621726,
        0.846895158290863,
        -0.5317196249961853,
        0.9762776494026184,
        -0.3064010739326477,
        0.5078535676002502,
        0.8051106333732605,
        3.4540741443634033
      ],
      "intrinsics": [
        703.74169921875,
        703.74169921875,
        960.0,
        540.0
      ],
      "appearance_weights": [
        0.9938974976539612,
        0.029927724972367287,
        -0.001195246004499495,
        0.0,
        -0.0226299911737442
      ]
    },
    {
      "pose": [
        0.9515302777290344,
        0.1581590324640274,
        0.26377227902412415,
        -0.6424717903137207,
        0.0065450225956737995,
        0.8470351696014404,
        -0.531496524810791,
        0.9776325821876526,
        -0.3074854016304016,
        0.507461428642273,
        0.8049445152282715,
        3.449925661087036
      ],
      "intrinsics": [
        703.74169921875,
        703.74169921875,
        960.0,
        540.0
      ],
      "appearance_weights": [
        0.9892633557319641,
        0.041944343596696854,
        -0.0020874717738479376,
        0.0,
        -0.02912023290991783
      ]
    },
    {
      "pose": [
        0.9512829184532166,
        0.15849050879478455,
        0.26446452736854553,
        -0.6437685489654541,
        0.0065457760356366634,
        0.8471869826316833,
        -0.5312545895576477,
        0.9787927865982056,
        -0.30824971199035645,
        0.5071045160293579,
        0.8048771023750305,
        3.445873975753784
      ],
      "intrinsics": [
        703.74169921875,
        703.74169921875,
        960.0,
        540.0
      ],
      "appearance_weights": [
        0.9833993315696716,
        0.05491117388010025,
        -0.0032032218296080828,
        0.0,
        -0.035107310861349106
      ]
    },
    {
      "pose": [
        0.9511361718177795,
        0.1586485356092453,
        0.2648972272872925,
        -0.6444348692893982,
        0.00654795253649354,
        0.8473502397537231,
        -0.5309940576553345,
        0.9797632694244385,
        -0.30870217084884644,
        0.5067822337150574,
        0.8049066662788391,
        3.441917657852173
      ],
      "intrinsics": [
        703.74169921875,
        703.74169921875,
        960.0,
        540.0
      ],
      "appearance_weights": [
        0.9763476252555847,
        0.0687861293554306,
        -0.0045284670777618885,
        0.0,
        -0.04060525447130203
      ]
    },
    {
      "pose": [
        0.9510878920555115,
        0.15863779187202454,
        0.26507705450057983,
        -0.644486129283905,
        0.006551478058099747,
        0.8475247621536255,
        -0.5307154655456543,
        0.9805490374565125,
        -0.30885088443756104,
        0.5064936876296997,
        0.8050312399864197,
        3.4380548000335693
      ],
      "intrinsics": [
        703.74169921875,
        703.74169921875,
        960.0,
        540.0
      ],
      "appearance_weights": [
        0.9681501388549805,
        0.08352711796760559,
        -0.006049179472029209,
        0.0,
        -0.04562809318304062
      ]
    },
    {
      "pose": [
        0.9511355757713318,
        0.15846294164657593,
        0.26501041650772095,
        -0.6439378261566162,
        0.006556293927133083,
        0.8477102518081665,
        -0.5304190516471863,
        0.9811550378799438,
        -0.30870383977890015,
        0.5062379837036133,
        0.8052484393119812,
        3.434283971786499
      ],
      "intrinsics": [
        703.74169921875,
        703.74169921875,
        960.0,
        540.0
      ],
      "appearance_weights": [
        0.9588491320610046,
        0.09909206628799438,
        -0.0077513293363153934,
        0.0,
        -0.05018985643982887
      ]
    },
    {
      "pose": [
        0.9512766003608704,
        0.15812861919403076,
        0.26470378041267395,
        -0.6428053975105286,
        0.006562354974448681,
        0.8479064106941223,
        -0.5301052927970886,
        0.9815863966941833,
        -0.30826887488365173,
        0.5060138702392578,
        0.8055558800697327,
        3.430603265762329
      ],
      "intrinsics": [
        703.74169921875,
        703.74169921875,
        960.0,
        540.0
      ],
      "appearance_weights": [
        0.9484865665435791,
        0.11543887853622437,
        -0.009620888158679008,
        0.0,
        -0.0543045699596405
      ]
    },
    {
      "pose": [
        0.9515079855918884,
        0.15763938426971436,
        0.26416346430778503,
        -0.6411042809486389,
        0.006569628603756428,
        0.8481130599975586,
        -0.52977454662323,
        0.9818480014801025,
        -0.30755382776260376,
        0.5058201551437378,
        0.8059507608413696,
        3.427011489868164
      ],
      "intrinsics": [
        703.74169921875,
        703.74169921875,
        960.0,
        540.0
      ],
      "appearance_weights": [
        0.9371046423912048,
        0.1325254738330841,
        -0.011643828824162483,
        0.0,
        -0.057986266911029816
      ]
    },
    {
      "pose": [
        0.9518265128135681,
        0.15699979662895203,
        0.2633956968784332,
        -0.6388499140739441,
        0.006578093394637108,
        0.8483299016952515,
        -0.529427170753479,
        0.9819449186325073,
        -0.30656641721725464,
        0.5056554675102234,
        0.8064301609992981,
        3.42350697517395
      ],
      "intrinsics": [
        703.74169921875,
        703.74169921875,
        960.0,
        540.0
      ],
      "appearance_weights": [
        0.9247453212738037,
        0.150309756398201,
        -0.013806119561195374,
        0.0,
        -0.06124896928668022
      ]
    },
    {
      "pose": [
        0.952228844165802,
        0.1562144011259079,
        0.26240670680999756,
        -0.6360578536987305,
        0.006587735842913389,
        0.8485566973686218,
        -0.5290635228157043,
        0.9818821549415588,
        -0.305314302444458,
        0.5055181980133057,
        0.8069910407066345,
        3.4200878143310547
      ],
      "intrinsics": [
        703.74169921875,
        703.74169921875,
        960.0,
        540.0
      ],
      "appearance_weights": [
        0.9114508032798767,
        0.16874966025352478,
        -0.01609373465180397,
        0.0,
        -0.06410671025514603
      ]
    },
    {
      "pose": [
        0.9527113437652588,
        0.1552877128124237,
        0.2612026333808899,
        -0.6327434182167053,
        0.006598551757633686,
        0.848793089389801,
        -0.5286840200424194,
        0.9816646575927734,
        -0.3038051426410675,
        0.5054067969322205,
        0.8076301217079163,
        3.416752338409424
      ],
      "intrinsics": [
        703.74169921875,
        703.74169921875,
        960.0,
        540.0
      ],
      "appearance_weights": [
        0.8972631096839905,
        0.18780307471752167,
        -0.018492644652724266,
        0.0,
        -0.06657351553440094
      ]
    },
    {
      "pose": [
        0.9532702565193176,
        0.1542242169380188,
        0.2597896158695221,
        -0.628922164440155,
        0.00661054253578186,
        0.8490388989448547,
        -0.5282890200614929,
        0.9812975525856018,
        -0.30204644799232483,
        0.5053195357322693,
        0.8083440661430359,
        3.413499355316162
      ],
      "intrinsics": [
        703.74169921875,
        703.74169921875,
        960.0,
        540.0
      ],
      "appearance_weights": [
        0.8822243213653564,
        0.20742793381214142,
        -0.020988818258047104,
        0.0,
        -0.06866342574357986
      ]
    },
    {
      "pose": [
        0.9539018273353577,
        0.15302836894989014,
        0.2581736743450165,
        -0.6246095299720764,
        0.006623714696615934,
        0.8492938280105591,
        -0.5278788805007935,
        0.9807857871055603,
        -0.30004575848579407,
        0.5052546858787537,
        0.8091292977333069,
        3.4103269577026367
      ],
      "intrinsics": [
        703.74169921875,
        703.74169921875,
        960.0,
        540.0
      ],
      "appearance_weights": [
        0.866376519203186,
        0.22758212685585022,
        -0.023568231612443924,
        0.0,
        -0.07039044797420502
      ]
    },
    {
      "pose": [
        0.9546018838882446,
        0.15170465409755707,
        0.25636085867881775,
        -0.6198208928108215,
        0.006638078484684229,
        0.849557638168335,
        -0.5274540185928345,
        0.9801343679428101,
        -0.29781055450439453,
        0.5052103996276855,
        0.8099822998046875,
        3.407233715057373
      ],
      "intrinsics": [
        703.74169921875,
        703.74169921875,
        960.0,
        540.0
      ],
      "appearance_weights": [
        0.8497619032859802,
        0.24822360277175903,
        -0.02621685154736042,
        0.0,
        -0.0717686265707016
      ]
    },
    {
      "pose": [
        0.9553664326667786,
        0.15025751292705536,
        0.2543571889400482,
        -0.6145718097686768,
        0.006653646007180214,
        0.8498300313949585,
        -0.5270148515701294,
        0.9793483018875122,
        -0.29534831643104553,
        0.5051847100257874,
        0.8108993768692017,
        3.4042177200317383
      ],
      "intrinsics": [
        703.74169921875,
        703.74169921875,
        960.0,
        540.0
      ],
      "appearance_weights": [
        0.8324223756790161,
        0.26931023597717285,
        -0.028920650482177734,
        0.0,
        -0.07281199097633362
      ]
    },
    {
      "pose": [
        0.9561913013458252,
        0.14869140088558197,
        0.2521686851978302,
        -0.6088776588439941,
        0.006670431699603796,
        0.8501107692718506,
        -0.5265616774559021,
        0.9784326553344727,
        -0.292666494846344,
        0.505175769329071,
        0.8118767142295837,
        3.401277542114258
      ],
      "intrinsics": [
        703.74169921875,
        703.74169921875,
        960.0,
        540.0
      ],
      "appearance_weights": [
        0.8144001960754395,
        0.29079997539520264,
        -0.03166560083627701,
        0.0,
        -0.07353456318378448
      ]
    },
    {
      "pose": [
        0.9570721387863159,
        0.14701074361801147,
        0.24980129301548004,
        -0.6027539372444153,
        0.006688449066132307,
        0.8503995537757874,
        -0.526094913482666,
        0.977392315864563,
        -0.28977251052856445,
        0.505181610584259,
        0.8129104971885681,
        3.398411512374878
      ],
      "intrinsics": [
        703.74169921875,
        703.74169921875,
        960.0,
        540.0
      ],
      "appearance_weights": [
        0.7957373261451721,
        0.31265074014663696,
        -0.03443767502903938,
        0.0,
        -0.0739503726363182
      ]
    },
    {
      "pose": [
        0.9580047726631165,
        0.14521999657154083,
        0.24726104736328125,
        -0.596216082572937,
        0.00670770974829793,
        0.8506961464881897,
        -0.5256149768829346,
        0.9762324094772339,
        -0.28667381405830383,
        0.505200207233429,
        0.8139968514442444,
        3.395618200302124
      ],
      "intrinsics": [
        703.74169921875,
        703.74169921875,
        960.0,
        540.0
      ],
      "appearance_weights": [
        0.7764759063720703,
        0.33482038974761963,
        -0.03722283989191055,
        0.0,
        -0.07407345622777939
      ]
    },
    {
      "pose": [
        0.9589847326278687,
        0.14332358539104462,
        0.24455390870571136,
        -0.5892795920372009,
        0.006728223990648985,
        0.8510002493858337,
        -0.5251221656799316,
        0.9749578833580017,
        -0.28337782621383667,
        0.5052295327186584,
        0.8151319622993469,
        3.3928959369659424
      ],
      "intrinsics": [
        703.74169921875,
        703.74169921875,
        960.0,
        540.0
      ],
      "appearance_weights": [
        0.7566580176353455,
        0.3572668731212616,
        -0.04000707343220711,
        0.0,
        -0.07391782850027084
      ]
    },
    {
      "pose": [
        0.9600077271461487,
        0.14132598042488098,
        0.2416858971118927,
        -0.5819598436355591,
        0.006749998312443495,
        0.8513116836547852,
        -0.5246168971061707,
        0.9735737442970276,
        -0.2798920273780823,
        0.5052676796913147,
        0.8163118362426758,
        3.3902428150177
      ],
      "intrinsics": [
        703.74169921875,
        703.74169921875,
        960.0,
        540.0
      ],
      "appearance_weights": [
        0.736325740814209,
        0.37994813919067383,
        -0.04277633875608444,
        0.0,
        -0.07349752634763718
      ]
    },
    {
      "pose": [
        0.9610694646835327,
        0.1392316222190857,
        0.23866301774978638,
        -0.5742723345756531,
        0.006773034110665321,
        0.8516300916671753,
        -0.524099588394165,
        0.9720850586891174,
        -0.2762238383293152,
        0.5053125619888306,
        0.8175326585769653,
        3.387657403945923
      ],
      "intrinsics": [
        703.74169921875,
        703.74169921875,
        960.0,
        540.0
      ],
      "appearance_weights": [
        0.7155211567878723,
        0.40282201766967773,
        -0.045516613870859146,
        0.0,
        -0.0728265792131424
      ]
    },
    {
      "pose": [
        0.9621655344963074,
        0.13704495131969452,
        0.2354913204908371,
        -0.5662325024604797,
        0.006797328125685453,
        0.851955235004425,
        -0.5235705375671387,
        0.9704967737197876,
        -0.2723807692527771,
        0.5053622722625732,
        0.8187904357910156,
        3.3851380348205566
      ],
      "intrinsics": [
        703.74169921875,
        703.74169921875,
        960.0,
        540.0
      ],
      "appearance_weights": [
        0.6942863464355469,
        0.42584651708602905,
        -0.04821386560797691,
        0.0,
        -0.0719190165400505
      ]
    },
    {
      "pose": [
        0.9632916450500488,
        0.134770467877388,
        0.23217685520648956,
        -0.5578558444976807,
        0.006822869181632996,
        0.8522868752479553,
        -0.5230302214622498,
        0.9688138961791992,
        -0.26837030053138733,
        0.5054147243499756,
        0.8200812935829163,
        3.382683277130127
      ],
      "intrinsics": [
        703.74169921875,
        703.74169921875,
        960.0,
        540.0
      ],
      "appearance_weights": [
        0.6726634502410889,
        0.4489794671535492,
        -0.050854068249464035,
        0.0,
        -0.07078886777162552
      ]
    },
    {
      "pose": [
        0.964443564414978,
        0.1324126273393631,
        0.22872571647167206,
        -0.5491577982902527,
        0.00684963958337903,
        0.8526247143745422,
        -0.5224789381027222,
        0.9670414924621582,
        -0.26420000195503235,
        0.5054681301116943,
        0.8214014768600464,
        3.38029146194458
      ],
      "intrinsics": [
        703.74169921875,
        703.74169921875,
        960.0,
        540.0
      ],
      "appearance_weights": [
        0.6506944894790649,
        0.4721788465976715,
        -0.0534231923520565,
        0.0,
        -0.06945015490055084
      ]
    },
    {
      "pose": [
        0.9656171202659607,
        0.12997592985630035,
        0.22514404356479645,
        -0.5401538014411926,
        0.006877613253891468,
        0.8529685139656067,
        -0.5219170451164246,
        0.9651845097541809,
        -0.25987744331359863,
        0.5055204629898071,
        0.8227471113204956,
        3.377960681915283
      ],
      "intrinsics": [
        703.74169921875,
        703.74169921875,
        960.0,
        540.0
      ],
      "appearance_weights": [
        0.6284216046333313,
        0.4954025447368622,
        -0.05590721219778061,
        0.0,
        -0.06791690737009048
      ]
    },
    {
      "pose": [
        0.9668080806732178,
        0.1274648904800415,
        0.2214379906654358,
        -0.5308592915534973,
        0.006906753871589899,
        0.8533180356025696,
        -0.5213450193405151,
        0.9632480144500732,
        -0.25541022419929504,
        0.5055699944496155,
        0.8241144418716431,
        3.375689744949341
      ],
      "intrinsics": [
        703.74169921875,
        703.74169921875,
        960.0,
        540.0
      ],
      "appearance_weights": [
        0.6058868169784546,
        0.5186084508895874,
        -0.05829209089279175,
        0.0,
        -0.06620316207408905
      ]
    },
    {
      "pose": [
        0.9680125117301941,
        0.12488400936126709,
        0.21761375665664673,
        -0.5212897658348083,
        0.006937016267329454,
        0.8536730408668518,
        -0.5207631587982178,
        0.9612370133399963,
        -0.2508060038089752,
        0.5056148171424866,
        0.8254998326301575,
        3.37347674369812
      ],
      "intrinsics": [
        703.74169921875,
        703.74169921875,
        960.0,
        540.0
      ],
      "appearance_weights": [
        0.583132266998291,
        0.5417544841766357,
        -0.06056380644440651,
        0.0,
        -0.06432294100522995
      ]
    },
    {
      "pose": [
        0.9692263603210449,
        0.12223783880472183,
        0.21367758512496948,
        -0.5114606618881226,
        0.006968343164771795,
        0.8540331721305847,
        -0.5201718807220459,
        0.9591564536094666,
        -0.2460724413394928,
        0.5056532621383667,
        0.8268997073173523,
        3.3713202476501465
      ],
      "intrinsics": [
        703.74169921875,
        703.74169921875,
        960.0,
        540.0
      ],
      "appearance_weights": [
        0.5601999759674072,
        0.5647986531257629,
        -0.06270832568407059,
        0.0,
        -0.06229027360677719
      ]
    },
    {
      "pose": [
        0.9704458713531494,
        0.11953091621398926,
        0.20963577926158905,
        -0.5013874173164368,
        0.007000666577368975,
        0.8543983101844788,
        -0.5195714831352234,
        0.957011342048645,
        -0.24121731519699097,
        0.5056836009025574,
        0.828310489654541,
        3.369218349456787
      ],
      "intrinsics": [
        703.74169921875,
        703.74169921875,
        960.0,
        540.0
      ],
      "appearance_weights": [
        0.5371320843696594,
        0.5876986980438232,
        -0.06471163034439087,
        0.0,
        -0.06011918932199478
      ]
    },
    {
      "pose": [
        0.9716672301292419,
        0.11676781624555588,
        0.20549467206001282,
        -0.4910855293273926,
        0.007033905480057001,
        0.8547680974006653,
        -0.5189624428749084,
        0.9548068046569824,
        -0.23624840378761292,
        0.5057042241096497,
        0.8297288417816162,
        3.3671698570251465
      ],
      "intrinsics": [
        703.74169921875,
        703.74169921875,
        960.0,
        540.0
      ],
      "appearance_weights": [
        0.5139707326889038,
        0.6104127168655396,
        -0.06655967980623245,
        0.0,
        -0.05782371759414673
      ]
    },
    {
      "pose": [
        0.972886860370636,
        0.1139531135559082,
        0.20126064121723175,
        -0.48057040572166443,
        0.007067966274917126,
        0.85514235496521,
        -0.5183451175689697,
        0.9525477290153503,
        -0.2311735302209854,
        0.5057136416435242,
        0.8311513066291809,
        3.365172863006592
      ],
      "intrinsics": [
        703.74169921875,
        703.74169921875,
        960.0,
        540.0
      ],
      "appearance_weights": [
        0.49075788259506226,
        0.6328984498977661,
        -0.06823844462633133,
        0.0,
        -0.05541788786649704
      ]
    },
    {
      "pose": [
        0.9741012454032898,
        0.11109141260385513,
        0.1969401240348816,
        -0.4698575437068939,
        0.007102741859853268,
        0.8555207848548889,
        -0.5177198052406311,
        0.9502391815185547,
        -0.2260005921125412,
        0.5057103037834167,
        0.8325748443603516,
        3.3632256984710693
      ],
      "intrinsics": [
        703.74169921875,
        703.74169921875,
        960.0,
        540.0
      ],
      "appearance_weights": [
        0.46753567457199097,
        0.655113935470581,
        -0.06973390281200409,
        0.0,
        -0.05291572958230972
      ]
    },
    {
      "pose": [
        0.9753071069717407,
        0.10818731039762497,
        0.19253960251808167,
        -0.4589623510837555,
        0.007138110231608152,
        0.855903148651123,
        -0.517086923122406,
        0.9478861093521118,
        -0.2207375019788742,
        0.5056928992271423,
        0.8339961767196655,
        3.3613269329071045
      ],
      "intrinsics": [
        703.74169921875,
        703.74169921875,
        960.0,
        540.0
      ],
      "appearance_weights": [
        0.44434621930122375,
        0.677017092704773,
        -0.07103203237056732,
        0.0,
        -0.05033126473426819
      ]
    },
    {
      "pose": [
        0.9765012264251709,
        0.105245441198349,
        0.18806563317775726,
        -0.44790029525756836,
        0.007173935417085886,
        0.8562892079353333,
        -0.5164468288421631,
        0.9454936385154724,
        -0.21539224684238434,
        0.5056601166725159,
        0.8354125022888184,
        3.3594746589660645
      ],
      "intrinsics": [
        703.74169921875,
        703.74169921875,
        960.0,
        540.0
      ],
      "appearance_weights": [
        0.42123159766197205,
        0.6985657215118408,
        -0.07211878895759583,
        0.0,
        -0.04767853021621704
      ]
    },
    {
      "pose": [
        0.9776806235313416,
        0.10227043926715851,
        0.18352478742599487,
        -0.4366868734359741,
        0.0072100660763680935,
        0.8566787838935852,
        -0.515799880027771,
        0.9430666565895081,
        -0.20997287333011627,
        0.5056107640266418,
        0.8368209004402161,
        3.3576676845550537
      ],
      "intrinsics": [
        703.74169921875,
        703.74169921875,
        960.0,
        540.0
      ],
      "appearance_weights": [
        0.3982338607311249,
        0.7197178602218628,
        -0.07298015058040619,
        0.0,
        -0.04497155174612999
      ]
    },
    {
      "pose": [
        0.9788423180580139,
        0.09926696121692657,
        0.17892371118068695,
        -0.4253374934196472,
        0.007246334105730057,
        0.857071578502655,
        -0.5151464343070984,
        0.9406102895736694,
        -0.20448744297027588,
        0.5055437088012695,
        0.838218629360199,
        3.3559043407440186
      ],
      "intrinsics": [
        703.74169921875,
        703.74169921875,
        960.0,
        540.0
      ],
      "appearance_weights": [
        0.37539511919021606,
        0.7404313087463379,
        -0.0736020877957344,
        0.0,
        -0.04222435504198074
      ]
    },
    {
      "pose": [
        0.9799837470054626,
        0.09623967111110687,
        0.17426909506320953,
        -0.4138675928115845,
        0.007282556965947151,
        0.8574673533439636,
        -0.5144869089126587,
        0.9381294250488281,
        -0.1989441066980362,
        0.5054579377174377,
        0.8396032452583313,
        3.354182481765747
      ],
      "intrinsics": [
        703.74169921875,
        703.74169921875,
        960.0,
        540.0
      ],
      "appearance_weights": [
        0.35275745391845703,
        0.7606641054153442,
        -0.07397057861089706,
        0.0,
        -0.03945097327232361
      ]
    },
    {
      "pose": [
        0.9811023473739624,
        0.09319323301315308,
        0.16956765949726105,
        -0.4022926986217499,
        0.007318534422665834,
        0.8578658699989319,
        -0.513821542263031,
        0.93562912940979,
        -0.19335100054740906,
        0.5053525567054749,
        0.8409721851348877,
        3.352501153945923
      ],
      "intrinsics": [
        703.74169921875,
        703.74169921875,
        960.0,
        540.0
      ],
      "appearance_weights": [
        0.3303629755973816,
        0.7803740501403809,
        -0.07407158613204956,
        0.0,
        -0.036665432155132294
      ]
    },
    {
      "pose": [
        0.9821957349777222,
        0.09013233333826065,
        0.16482622921466827,
        -0.39062821865081787,
        0.007354049943387508,
        0.8582669496536255,
        -0.5131508708000183,
        0.9331144094467163,
        -0.18771637976169586,
        0.505226731300354,
        0.8423233032226562,
        3.350858449935913
      ],
      "intrinsics": [
        703.74169921875,
        703.74169921875,
        960.0,
        540.0
      ],
      "appearance_weights": [
        0.3082537055015564,
        0.7995191216468811,
        -0.07389108091592789,
        0.0,
        -0.033881764858961105
      ]
    },
    {
      "pose": [
        0.98326176404953,
        0.08706165850162506,
        0.1600515991449356,
        -0.37888962030410767,
        0.00738886883482337,
        0.8586702942848206,
        -0.5124750733375549,
        0.9305903315544128,
        -0.1820484846830368,
        0.5050797462463379,
        0.843654453754425,
        3.349252700805664
      ],
      "intrinsics": [
        703.74169921875,
        703.74169921875,
        960.0,
        540.0
      ],
      "appearance_weights": [
        0.28647181391716003,
        0.8180572390556335,
        -0.07341504096984863,
        0.0,
        -0.031113993376493454
      ]
    },
    {
      "pose": [
        0.9842985272407532,
        0.08398591727018356,
        0.1552506685256958,
        -0.3670923411846161,
        0.00742274010553956,
        0.8590757846832275,
        -0.5117946267127991,
        0.9280617833137512,
        -0.17635563015937805,
        0.5049110651016235,
        0.8449636101722717,
        3.347682237625122
      ],
      "intrinsics": [
        703.74169921875,
        703.74169921875,
        960.0,
        540.0
      ],
      "appearance_weights": [
        0.26505932211875916,
        0.835946261882782,
        -0.0726294293999672,
        0.0,
        -0.028376150876283646
      ]
    },
    {
      "pose": [
        0.9853041768074036,
        0.08090979605913162,
        0.150430366396904,
        -0.35525181889533997,
        0.007455394137650728,
        0.8594831228256226,
        -0.5111097693443298,
        0.9255338311195374,
        -0.17064614593982697,
        0.5047200918197632,
        0.8462491035461426,
        3.3461456298828125
      ],
      "intrinsics": [
        703.74169921875,
        703.74169921875,
        960.0,
        540.0
      ],
      "appearance_weights": [
        0.24405834078788757,
        0.8531441688537598,
        -0.07152023166418076,
        0.0,
        -0.02568226307630539
      ]
    },
    {
      "pose": [
        0.9862771034240723,
        0.0778380036354065,
        0.1455976516008377,
        -0.3433835804462433,
        0.0074865445494651794,
        0.8598920702934265,
        -0.5104209780693054,
        0.9230115413665771,
        -0.16492842137813568,
        0.504506528377533,
        0.8475091457366943,
        3.3446412086486816
      ],
      "intrinsics": [
        703.74169921875,
        703.74169921875,
        960.0,
        540.0
      ],
      "appearance_weights": [
        0.2235109657049179,
        0.8696088194847107,
        -0.07007340341806412,
        0.0,
        -0.02304636314511299
      ]
    },
    {
      "pose": [
        0.9872159957885742,
        0.07477524876594543,
        0.14075951278209686,
        -0.3315030038356781,
        0.00751588586717844,
        0.8603025078773499,
        -0.5097284913063049,
        0.920499861240387,
        -0.15921084582805634,
        0.5042700171470642,
        0.8487424254417419,
        3.343167304992676
      ],
      "intrinsics": [
        703.74169921875,
        703.74169921875,
        960.0,
        540.0
      ],
      "appearance_weights": [
        0.2034592628479004,
        0.8852981328964233,
        -0.06827492266893387,
        0.0,
        -0.02048247680068016
      ]
    },
    {
      "pose": [
        0.9881195425987244,
        0.0717262327671051,
        0.13592302799224854,
        -0.3196256160736084,
        0.007543094921857119,
        0.8607141375541687,
        -0.509032666683197,
        0.9180037975311279,
        -0.15350186824798584,
        0.5040104389190674,
        0.849947452545166,
        3.3417224884033203
      ],
      "intrinsics": [
        703.74169921875,
        703.74169921875,
        960.0,
        540.0
      ],
      "appearance_weights": [
        0.18394532799720764,
        0.900170087814331,
        -0.066110759973526,
        0.0,
        -0.018004631623625755
      ]
    },
    {
      "pose": [
        0.9889867901802063,
        0.06869564950466156,
        0.13109524548053741,
        -0.30776679515838623,
        0.007567830383777618,
        0.8611268401145935,
        -0.5083338618278503,
        0.915528416633606,
        -0.1478099673986435,
        0.5037276148796082,
        0.8511232137680054,
        3.3403046131134033
      ],
      "intrinsics": [
        703.74169921875,
        703.74169921875,
        960.0,
        540.0
      ],
      "appearance_weights": [
        0.1650112420320511,
        0.9141824841499329,
        -0.06356688588857651,
        0.0,
        -0.015626858919858932
      ]
    },
    {
      "pose": [
        0.9898169040679932,
        0.06568821519613266,
        0.12628328800201416,
        -0.2959420382976532,
        0.007589731365442276,
        0.8615403175354004,
        -0.5076324343681335,
        0.9130786061286926,
        -0.1421436071395874,
        0.5034216642379761,
        0.852268636226654,
        3.3389127254486084
      ],
      "intrinsics": [
        703.74169921875,
        703.74169921875,
        960.0,
        540.0
      ],
      "appearance_weights": [
        0.14669910073280334,
        0.9272933602333069,
        -0.06062927469611168,
        0.0,
        -0.013363187201321125
      ]
    },
    {
      "pose": [
        0.9906092882156372,
        0.06270860880613327,
        0.12149427831172943,
        -0.2841668128967285,
        0.007608420681208372,
        0.8619544506072998,
        -0.5069286823272705,
        0.9106595516204834,
        -0.13651132583618164,
        0.5030926465988159,
        0.85338294506073,
        3.3375449180603027
      ],
      "intrinsics": [
        703.74169921875,
        703.74169921875,
        960.0,
        540.0
      ],
      "appearance_weights": [
        0.12905098497867584,
        0.9394605755805969,
        -0.05728389322757721,
        0.0,
        -0.011227643117308617
      ]
    },
    {
      "pose": [
        0.9913634061813354,
        0.059761516749858856,
        0.11673540621995926,
        -0.2724565267562866,
        0.007623500656336546,
        0.8623690009117126,
        -0.5062229037284851,
        0.9082760810852051,
        -0.1309216469526291,
        0.5027408003807068,
        0.8544654846191406,
        3.3361995220184326
      ],
      "intrinsics": [
        703.74169921875,
        703.74169921875,
        960.0,
        540.0
      ],
      "appearance_weights": [
        0.1121089830994606,
        0.9506419897079468,
        -0.05351671949028969,
        0.0,
        -0.00923425704240799
      ]
    },
    {
      "pose": [
        0.9920790195465088,
        0.056851621717214584,
        0.11201384663581848,
        -0.2608267068862915,
        0.007634557317942381,
        0.8627837300300598,
        -0.5055155158042908,
        0.9059333205223083,
        -0.12538310885429382,
        0.5023664832115173,
        0.8555156588554382,
        3.3348748683929443
      ],
      "intrinsics": [
        703.74169921875,
        703.74169921875,
        960.0,
        540.0
      ],
      "appearance_weights": [
        0.09591518342494965,
        0.9607955813407898,
        -0.04931371659040451,
        0.0,
        -0.007397057488560677
      ]
    },
    {
      "pose": [
        0.9927560091018677,
        0.05398358404636383,
        0.10733682662248611,
        -0.24929271638393402,
        0.007641156204044819,
        0.8631985783576965,
        -0.5048067569732666,
        0.9036362767219543,
        -0.1199042797088623,
        0.501970112323761,
        0.8565331101417542,
        3.3335695266723633
      ],
      "intrinsics": [
        703.74169921875,
        703.74169921875,
        960.0,
        540.0
      ],
      "appearance_weights": [
        0.0805116593837738,
        0.9698792695999146,
        -0.044660862535238266,
        0.0,
        -0.005730072967708111
      ]
    },
    {
      "pose": [
        0.9933945536613464,
        0.051162056624889374,
        0.10271157324314117,
        -0.23787008225917816,
        0.007642847020179033,
        0.8636132478713989,
        -0.5040969848632812,
        0.9013898968696594,
        -0.1144937202334404,
        0.5015522241592407,
        0.8575177192687988,
        3.3322818279266357
      ],
      "intrinsics": [
        703.74169921875,
        703.74169921875,
        960.0,
        540.0
      ],
      "appearance_weights": [
        0.0659405067563057,
        0.9778509736061096,
        -0.03954412415623665,
        0.0,
        -0.004247331991791725
      ]
    },
    {
      "pose": [
        0.9939948320388794,
        0.048391688615083694,
        0.09814533591270447,
        -0.22657422721385956,
        0.007639158982783556,
        0.8640276193618774,
        -0.5033864974975586,
        0.8991991877555847,
        -0.10916000604629517,
        0.5011132955551147,
        0.8584693074226379,
        3.331010103225708
      ],
      "intrinsics": [
        703.74169921875,
        703.74169921875,
        960.0,
        540.0
      ],
      "appearance_weights": [
        0.05224381014704704,
        0.9846685528755188,
        -0.03394947573542595,
        0.0,
        -0.0029628633055835962
      ]
    },
    {
      "pose": [
        0.99455726146698,
        0.04567709565162659,
        0.09364538639783859,
        -0.21542061865329742,
        0.00762960547581315,
        0.864441454410553,
        -0.5026756525039673,
        0.8970692157745361,
        -0.10391172021627426,
        0.5006541609764099,
        0.8593880534172058,
        3.3297529220581055
      ],
      "intrinsics": [
        703.74169921875,
        703.74169921875,
        960.0,
        540.0
      ],
      "appearance_weights": [
        0.03946365416049957,
        0.9902899265289307,
        -0.02786288596689701,
        0.0,
        -0.0018906958866864443
      ]
