{
  "camera_model": "pinhole",
  "image_size": [
    1920,
    1080
  ],
  "fps": 30.0,
  "source": {
    "type": "interpolation",
    "interpolation": "kochanek-bartels",
    "keyframes": [
      {
        "pose": [
          0.9593032274804255,
          0.09019984428912191,
          0.26758405775467625,
          -2.1287016275464885,
          -0.04258383545405944,
          0.9829837796343986,
          -0.17868841902703647,
          0.45390122732409094,
          -0.27914846730358245,
          0.16002167955293978,
          0.946820589122264,
          0.9401412565988937
        ],
        "fov": null,
        "transition_duration": null
      },
      {
        "pose": [
          0.9989071859213159,
          0.020992813455541,
          0.041757129050970634,
          -1.6848666231354859,
          -0.015694190857732094,
          0.9922332330522993,
          -0.12339752331627347,
          0.34523378415183614,
          -0.04402327447972423,
          0.12260738562663125,
          0.9914783976489852,
          0.8523718361926647
        ],
        "fov": null,
        "transition_duration": null
      },
      {
        "pose": [
          0.9989071773188815,
          0.020992858085422107,
          0.0417573123995161,
          -0.49621955740347806,
          -0.01569421253992132,
          0.9922332323511027,
          -0.12339752619693044,
          0.32655849568847134,
          -0.044023461942661504,
          0.12260738365972396,
          0.9914783895685342,
          0.7999862291515851
        ],
        "fov": null,
        "transition_duration": null
      },
      {
        "pose": [
          0.9900244673785412,
          -0.020957850958071726,
          -0.1393278314036933,
          1.4844952347060352,
          0.00586351047338848,
          0.9941470580595183,
          -0.10787627800967661,
          0.28767312698126746,
          0.1407732137209273,
          0.10598326124723945,
          0.9843528246237704,
          0.8900209385899079
        ],
        "fov": null,
        "transition_duration": null
      },
      {
        "pose": [
          0.9900244698017241,
          -0.02095784716450879,
          -0.13932781475586617,
          1.861208837177361,
          0.0058635084780299575,
          0.9941470580819861,
          -0.10787627791107811,
          0.28990424698815204,
          0.14077319676236683,
          0.10598326178665211,
          0.9843528269909523,
          0.9435864611616644
        ],
        "fov": null,
        "transition_duration": null
      },
      {
        "pose": [
          0.9045271890624688,
          -0.09672405574429581,
          -0.41530102746769626,
          3.710566647453247,
          0.03973032389394726,
          0.9888142958447982,
          -0.1437631206426949,
          0.47612844313235164,
          0.42456096128862086,
          0.11353766378734623,
          0.8982523151999707,
          2.003211379745226
        ],
        "fov": null,
        "transition_duration": null
      }
    ],
    "default_fov": 75.0,
    "default_appearance": null,
    "is_cycle": true,
    "tension": 0.0,
    "default_transition_duration": 2.0
  },
  "frames": [
    {
      "pose": [
        0.9593032002449036,
        0.09019984304904938,
        0.26758405566215515,
        -2.128701686859131,
        -0.04258383437991142,
        0.9829837679862976,
        -0.1786884218454361,
        0.4539012312889099,
        -0.2791484594345093,
        0.16002167761325836,
        0.9468206167221069,
        0.9401412606239319
      ],
      "intrinsics": [
        703.74169921875,
        703.74169921875,
        960.0,
        540.0
      ],
      "appearance_weights": [
        1.0,
        0.0,
        0.0,
        0.0,
        0.0,
        0.0
      ]
    },
    {
      "pose": [
        0.9582359790802002,
        0.091134212911129,
        0.271068811416626,
        -2.1721506118774414,
        -0.0429401770234108,
        0.9829692840576172,
        -0.17868272960186005,
        0.4527710974216461,
        -0.2827364504337311,
        0.1595805287361145,
        0.9458298683166504,
        0.9307895302772522
      ],
      "intrinsics": [
        703.74169921875,
        703.74169921875,
        960.0,
        540.0
      ],
      "appearance_weights": [
        0.999308705329895,
        0.008908198215067387,
        -0.0001373295090161264,
        0.0,
        0.0,
        -0.00807955302298069
      ]
    },
    {
      "pose": [
        0.9573256969451904,
        0.09190160781145096,
        0.27400997281074524,
        -2.2123754024505615,
        -0.04324470832943916,
        0.9829715490341187,
        -0.1785971075296402,
        0.4515700042247772,
        -0.2857573926448822,
        0.1591261774301529,
        0.9449982047080994,
        0.9219595789909363
      ],
      "intrinsics": [
        703.74169921875,
        703.74169921875,
        960.0,
        540.0
      ],
      "appearance_weights": [
        0.9972627758979797,
        0.01889169029891491,
        -0.0005399811780080199,
        0.0,
        0.0,
        -0.015614455565810204
      ]
    },
    {
      "pose": [
        0.956572949886322,
        0.09250713884830475,
        0.2764245569705963,
        -2.249453067779541,
        -0.04349921643733978,
        0.9829899668693542,
        -0.17843355238437653,
        0.4503004550933838,
        -0.28822895884513855,
        0.15866051614284515,
        0.9443256258964539,
        0.9136382937431335
      ],
      "intrinsics": [
        703.74169921875,
        703.74169921875,
        960.0,
        540.0
      ],
      "appearance_weights": [
        0.9939042329788208,
        0.02990846149623394,
        -0.0011939497198909521,
        0.0,
        0.0,
        -0.022618714720010757
      ]
    },
    {
      "pose": [
        0.9559769630432129,
        0.09295594692230225,
        0.27832913398742676,
        -2.283461332321167,
        -0.043705351650714874,
        0.9830242395401001,
        -0.17819420993328094,
        0.4489648640155792,
        -0.29016852378845215,
        0.15818515419960022,
        0.943811297416687,
        0.9058124423027039
      ],
      "intrinsics": [
        703.74169921875,
        703.74169921875,
        960.0,
        540.0
      ],
      "appearance_weights": [
        0.9892750978469849,
        0.04191649332642555,
        -0.0020852298475801945,
        0.0,
        0.0,
        -0.02910633385181427
      ]
    },
    {
      "pose": [
        0.9555361270904541,
        0.09325316548347473,
        0.2797400951385498,
        -2.3144779205322266,
        -0.04386461526155472,
        0.9830738306045532,
        -0.17788127064704895,
        0.4475657343864441,
        -0.29159316420555115,
        0.15770134329795837,
        0.9434530735015869,
        0.8984689712524414
      ],
      "intrinsics": [
        703.74169921875,
        703.74169921875,
        960.0,
        540.0
      ],
      "appearance_weights": [
        0.9834173917770386,
        0.05487377196550369,
        -0.0031998164486140013,
        0.0,
        0.0,
        -0.03509132191538811
      ]
    },
    {
      "pose": [
        0.9552476406097412,
        0.09340391308069229,
        0.28067344427108765,
        -2.3425803184509277,
        -0.04397840052843094,
        0.9831382036209106,
        -0.1774970144033432,
        0.4461055099964142,
        -0.2925197184085846,
        0.1572100818157196,
        0.9432482123374939,
        0.8915945887565613
      ],
      "intrinsics": [
        703.74169921875,
        703.74169921875,
        960.0,
        540.0
      ],
      "appearance_weights": [
        0.9763730764389038,
        0.06873828172683716,
        -0.004523703828454018,
        0.0,
        0.0,
        -0.04058767855167389
      ]
    },
    {
      "pose": [
        0.9551080465316772,
        0.0934133306145668,
        0.281144917011261,
        -2.3678460121154785,
        -0.044047992676496506,
        0.9832168221473694,
        -0.17704379558563232,
        0.44458672404289246,
        -0.2929646670818329,
        0.156712144613266,
        0.9431930184364319,
        0.8851762413978577
      ],
      "intrinsics": [
        703.74169921875,
        703.74169921875,
        960.0,
        540.0
      ],
      "appearance_weights": [
        0.9681842923164368,
        0.0834680050611496,
        -0.006042887456715107,
        0.0,
        0.0,
        -0.04560941085219383
      ]
    },
    {
      "pose": [
        0.9551130533218384,
        0.09328652173280716,
        0.2811700999736786,
        -2.390352725982666,
        -0.04407456889748573,
        0.9833090901374817,
        -0.1765240728855133,
        0.4430117905139923,
        -0.29294443130493164,
        0.15620805323123932,
        0.9432829022407532,
        0.8792007565498352
      ],
      "intrinsics": [
        703.74169921875,
        703.74169921875,
        960.0,
        540.0
      ],
      "appearance_weights": [
        0.9588929414749146,
        0.09902092814445496,
        -0.007743361406028271,
        0.0,
        0.0,
        -0.05017052963376045
      ]
    },
    {
      "pose": [
        0.9552575945854187,
        0.09302859753370285,
        0.28076422214508057,
        -2.4101779460906982,
        -0.044059235602617264,
        0.983414351940155,
        -0.17594030499458313,
        0.4413831830024719,
        -0.2924750745296478,
        0.15569810569286346,
        0.9435128569602966,
        0.873654842376709
      ],
      "intrinsics": [
        703.74169921875,
        703.74169921875,
        960.0,
        540.0
      ],
      "appearance_weights": [
        0.9485411047935486,
        0.11535503715276718,
        -0.009611120447516441,
        0.0,
        0.0,
        -0.05428503081202507
      ]
    },
    {
      "pose": [
        0.9555360674858093,
        0.09264464676380157,
        0.27994242310523987,
        -2.427399158477783,
        -0.044003017246723175,
        0.9835321307182312,
        -0.17529504001140594,
        0.43970340490341187,
        -0.2915725111961365,
        0.15518248081207275,
        0.9438770413398743,
        0.868525505065918
      ],
      "intrinsics": [
        703.74169921875,
        703.74169921875,
        960.0,
        540.0
      ],
      "appearance_weights": [
        0.9371708035469055,
        0.13242830336093903,
        -0.011632159352302551,
        0.0,
        0.0,
        -0.0579669289290905
      ]
    },
    {
      "pose": [
        0.9559422135353088,
        0.09213976562023163,
        0.27871960401535034,
        -2.442093849182129,
        -0.043906889855861664,
        0.9836616516113281,
        -0.17459088563919067,
        0.4379749000072479,
        -0.29025256633758545,
        0.1546611487865448,
        0.9443693161010742,
        0.8637994527816772
      ],
      "intrinsics": [
        703.74169921875,
        703.74169921875,
        960.0,
        540.0
      ],
      "appearance_weights": [
        0.9248239398002625,
        0.15019874274730682,
        -0.013792472891509533,
        0.0,
        0.0,
        -0.06123022362589836
      ]
    },
    {
      "pose": [
        0.9564695358276367,
        0.09151900559663773,
        0.2771105468273163,
        -2.4543397426605225,
        -0.04377176612615585,
        0.983802318572998,
        -0.17383046448230743,
        0.43620017170906067,
        -0.2885308265686035,
        0.15413397550582886,
        0.9449829459190369,
        0.859463632106781
      ],
      "intrinsics": [
        703.74169921875,
        703.74169921875,
        960.0,
        540.0
      ],
      "appearance_weights": [
        0.9115426540374756,
        0.16862429678440094,
        -0.016078056767582893,
        0.0,
        0.0,
        -0.06408891826868057
      ]
    },
    {
      "pose": [
        0.9571108222007751,
        0.09078744798898697,
        0.27512994408607483,
        -2.464214563369751,
        -0.04359852522611618,
        0.9839535355567932,
        -0.17301644384860992,
        0.4343816339969635,
        -0.28642281889915466,
        0.15360070765018463,
        0.9457107782363892,
        0.8555047512054443
      ],
      "intrinsics": [
        703.74169921875,
        703.74169921875,
        960.0,
        540.0
      ],
      "appearance_weights": [
        0.8973689675331116,
        0.1876629739999771,
        -0.01847490295767784,
        0.0,
        0.0,
        -0.06655702739953995
      ]
    },
    {
      "pose": [
        0.957858681678772,
        0.08995012938976288,
        0.27279233932495117,
        -2.4717955589294434,
        -0.04338802397251129,
        0.9841145277023315,
        -0.1721515655517578,
        0.4325218200683594,
        -0.2839439809322357,
        0.15306100249290466,
        0.946545422077179,
        0.8519097566604614
      ],
      "intrinsics": [
        703.74169921875,
        703.74169921875,
        960.0,
        540.0
      ],
      "appearance_weights": [
        0.8823447823524475,
        0.20727276802062988,
        -0.020969009026885033,
        0.0,
        0.0,
        -0.06864854693412781
      ]
    },
    {
      "pose": [
        0.9587054252624512,
        0.08901208639144897,
        0.2701122462749481,
        -2.4771604537963867,
        -0.043141093105077744,
        0.9842846393585205,
        -0.17123854160308838,
        0.4306231439113617,
        -0.28110963106155396,
        0.15251444280147552,
        0.9474791288375854,
        0.8486654162406921
      ],
      "intrinsics": [
        703.74169921875,
        703.74169921875,
        960.0,
        540.0
      ],
      "appearance_weights": [
        0.8665122389793396,
        0.2274116426706314,
        -0.0235463697463274,
        0.0,
        0.0,
        -0.07037748396396637
      ]
    },
    {
      "pose": [
        0.9596432447433472,
        0.08797835558652878,
        0.2671041190624237,
        -2.480386734008789,
        -0.042858559638261795,
        0.9844632148742676,
        -0.17028015851974487,
        0.4286881387233734,
        -0.2779351472854614,
        0.151960551738739,
        0.9485041499137878,
        0.8457586169242859
      ],
      "intrinsics": [
        703.74169921875,
        703.74169921875,
        960.0,
        540.0
      ],
      "appearance_weights": [
        0.8499132394790649,
        0.24803757667541504,
        -0.026192978024482727,
        0.0,
        0.0,
        -0.07175784558057785
      ]
    },
    {
      "pose": [
        0.960663914680481,
        0.08685394376516342,
        0.2637823522090912,
        -2.4815521240234375,
        -0.04254124313592911,
        0.9846495985984802,
        -0.16927918791770935,
        0.42671921849250793,
        -0.27443578839302063,
        0.15139883756637573,
        0.9496122598648071,
        0.8431761264801025
      ],
      "intrinsics": [
        703.74169921875,
        703.74169921875,
        960.0,
        540.0
      ],
      "appearance_weights": [
        0.832589864730835,
        0.2691085934638977,
        -0.028894828632473946,
        0.0,
        0.0,
        -0.07280363887548447
      ]
    },
    {
      "pose": [
        0.9617593884468079,
        0.08564385771751404,
        0.260161429643631,
        -2.480733871459961,
        -0.04218997806310654,
        0.9848430752754211,
        -0.16823843121528625,
        0.4247188866138458,
        -0.2706267833709717,
        0.1508287489414215,
        0.9507954120635986,
        0.8409048914909363
      ],
      "intrinsics": [
        703.74169921875,
        703.74169921875,
        960.0,
        540.0
      ],
      "appearance_weights": [
        0.8145841360092163,
        0.2905826270580292,
        -0.03163791820406914,
        0.0,
        0.0,
        -0.07352886348962784
      ]
    },
    {
      "pose": [
        0.9629213213920593,
        0.08435309678316116,
        0.2562558054924011,
        -2.4780099391937256,
        -0.04180561751127243,
        0.985042929649353,
        -0.16716071963310242,
        0.4226895868778229,
        -0.2665235102176666,
        0.15024974942207336,
        0.9520453214645386,
        0.8389316201210022
      ],
      "intrinsics": [
        703.74169921875,
        703.74169921875,
        960.0,
        540.0
      ],
      "appearance_weights": [
        0.7959380745887756,
        0.3124176859855652,
        -0.03440823778510094,
        0.0,
        0.0,
        -0.07394753396511078
      ]
    },
    {
      "pose": [
        0.9641414880752563,
        0.08298664540052414,
        0.25207990407943726,
        -2.4734578132629395,
        -0.04138903692364693,
        0.9852485656738281,
        -0.16604888439178467,
        0.42063382267951965,
        -0.26214122772216797,
        0.1496613323688507,
        0.9533538222312927,
        0.8372431993484497
      ],
      "intrinsics": [
        703.74169921875,
        703.74169921875,
        960.0,
        540.0
      ],
      "appearance_weights": [
        0.7766936421394348,
        0.3345717787742615,
        -0.037191785871982574,
        0.0,
        0.0,
        -0.07407364249229431
      ]
    },
    {
      "pose": [
        0.9654117822647095,
        0.08154947310686111,
        0.24764831364154816,
        -2.4671547412872314,
        -0.04094114527106285,
        0.9854592680931091,
        -0.16490572690963745,
        0.41855403780937195,
        -0.25749531388282776,
        0.14906297624111176,
        0.9547127485275269,
        0.8358265161514282
      ],
      "intrinsics": [
        703.74169921875,
        703.74169921875,
        960.0,
        540.0
      ],
      "appearance_weights": [
        0.7568929195404053,
        0.357002854347229,
        -0.03997455909848213,
        0.0,
        0.0,
        -0.07392120361328125
      ]
    },
    {
      "pose": [
        0.9667240381240845,
        0.08004654943943024,
        0.2429756224155426,
        -2.4591786861419678,
        -0.040462881326675415,
        0.9856743812561035,
        -0.1637340933084488,
        0.4164527356624603,
        -0.2526012063026428,
        0.1484542340040207,
        0.9561139941215515,
        0.8346683979034424
      ],
      "intrinsics": [
        703.74169921875,
        703.74169921875,
        960.0,
        540.0
      ],
      "appearance_weights": [
        0.7365778684616089,
        0.3796688914299011,
        -0.042742546647787094,
        0.0,
        0.0,
        -0.07350422441959381
      ]
    },
    {
      "pose": [
        0.9680702090263367,
        0.07848282158374786,
        0.23807653784751892,
        -2.4496068954467773,
        -0.03995524346828461,
        0.985893189907074,
        -0.16253679990768433,
        0.4143323600292206,
        -0.24747440218925476,
        0.1478346735239029,
        0.9575496912002563,
        0.833755612373352
      ],
      "intrinsics": [
        703.74169921875,
        703.74169921875,
        960.0,
        540.0
      ],
      "appearance_weights": [
        0.7157905697822571,
        0.40252789855003357,
        -0.04548174515366554,
        0.0,
        0.0,
        -0.07283670455217361
      ]
    },
    {
      "pose": [
        0.9694425463676453,
        0.07686322182416916,
        0.23296582698822021,
        -2.4385170936584473,
        -0.0394192673265934,
        0.9861151576042175,
        -0.1613166630268097,
        0.4121953845024109,
        -0.24213045835494995,
        0.1472039520740509,
        0.9590119123458862,
        0.8330749869346619
      ],
      "intrinsics": [
        703.74169921875,
        703.74169921875,
        960.0,
        540.0
      ],
      "appearance_weights": [
        0.694572925567627,
        0.4255378544330597,
        -0.04817814752459526,
        0.0,
        0.0,
        -0.07193265110254288
      ]
    },
    {
      "pose": [
        0.9708334803581238,
        0.07519267499446869,
        0.22765837609767914,
        -2.4259867668151855,
        -0.03885605186223984,
        0.9863395690917969,
        -0.16007649898529053,
        0.41004428267478943,
        -0.23658506572246552,
        0.14656177163124084,
        0.9604932069778442,
        0.832613468170166
      ],
      "intrinsics": [
        703.74169921875,
        703.74169921875,
        960.0,
        540.0
      ],
      "appearance_weights": [
        0.6729670763015747,
        0.44865673780441284,
        -0.05081775411963463,
        0.0,
        0.0,
        -0.07080607116222382
      ]
    },
    {
      "pose": [
        0.9722355604171753,
        0.07347609847784042,
        0.2221691906452179,
        -2.4120936393737793,
        -0.038266755640506744,
        0.986565887928009,
        -0.1588190793991089,
        0.40788155794143677,
        -0.23085395991802216,
        0.145907923579216,
        0.9619861245155334,
        0.8323578238487244
      ],
      "intrinsics": [
        703.74169921875,
        703.74169921875,
        960.0,
        540.0
      ],
      "appearance_weights": [
        0.6510149836540222,
        0.47184252738952637,
        -0.05338655412197113,
        0.0,
        0.0,
        -0.06947096437215805
      ]
    },
    {
      "pose": [
        0.9736418128013611,
        0.07171837240457535,
        0.21651339530944824,
        -2.3969149589538574,
        -0.037652596831321716,
        0.9867933988571167,
        -0.15754719078540802,
        0.4057096242904663,
        -0.22495302557945251,
        0.14524230360984802,
        0.9634836912155151,
        0.8322948217391968
      ],
      "intrinsics": [
        703.74169921875,
        703.74169921875,
        960.0,
        540.0
      ],
      "appearance_weights": [
        0.6287586688995361,
        0.495053231716156,
        -0.05587054416537285,
        0.0,
        0.0,
        -0.0679413452744484
      ]
    },
    {
      "pose": [
        0.9750453233718872,
        0.06992438435554504,
        0.2107061892747879,
        -2.380528688430786,
        -0.03701486811041832,
        0.9870216250419617,
        -0.1562635749578476,
        0.4035309851169586,
        -0.218898206949234,
        0.14456486701965332,
        0.9649790525436401,
        0.8324114680290222
      ],
      "intrinsics": [
        703.74169921875,
        703.74169921875,
        960.0,
        540.0
      ],
      "appearance_weights": [
        0.6062400937080383,
        0.5182468295097351,
        -0.058255720883607864,
        0.0,
        0.0,
        -0.06623120605945587
      ]
    },
    {
      "pose": [
        0.9764397740364075,
        0.06809896975755692,
        0.20476298034191132,
        -2.3630123138427734,
        -0.036354925483465195,
        0.9872499108314514,
        -0.1549709290266037,
        0.4013480842113495,
        -0.212705597281456,
        0.14387570321559906,
        0.9664658308029175,
        0.832694411277771
      ],
      "intrinsics": [
        703.74169921875,
        703.74169921875,
        960.0,
        540.0
      ],
      "appearance_weights": [
        0.583501398563385,
        0.5413812398910522,
        -0.06052807718515396,
        0.0,
        0.0,
        -0.06435456871986389
      ]
    },
    {
      "pose": [
        0.9778189659118652,
        0.06624697148799896,
        0.1986992210149765,
        -2.3444430828094482,
        -0.03567420318722725,
        0.9874777793884277,
        -0.1536719799041748,
        0.39916345477104187,
        -0.2063913643360138,
        0.14317499101161957,
        0.9679377675056458,
        0.8331306576728821
      ],
      "intrinsics": [
        703.74169921875,
        703.74169921875,
        960.0,
        540.0
      ],
      "appearance_weights": [
        0.5605844855308533,
        0.5644145607948303,
        -0.06267360597848892,
        0.0,
        0.0,
        -0.06232542172074318
      ]
    },
    {
      "pose": [
        0.9791772365570068,
        0.0643731951713562,
        0.1925305277109146,
        -2.3248989582061768,
        -0.03497420996427536,
        0.9877046346664429,
        -0.15236935019493103,
        0.39697951078414917,
        -0.19997180998325348,
        0.1424630582332611,
        0.9693892598152161,
        0.8337069153785706
      ],
      "intrinsics": [
        703.74169921875,
        703.74169921875,
        960.0,
        540.0
      ],
      "appearance_weights": [
        0.5375313758850098,
        0.5873047113418579,
        -0.06467831134796143,
        0.0,
        0.0,
        -0.06015777960419655
      ]
    },
    {
      "pose": [
        0.9805092215538025,
        0.06248241662979126,
        0.18627266585826874,
        -2.304457187652588,
        -0.034256529062986374,
        0.9879299998283386,
        -0.15106569230556488,
        0.39479872584342957,
        -0.1934633105993271,
        0.14174030721187592,
        0.9708149433135986,
        0.8344100713729858
      ],
      "intrinsics": [
        703.74169921875,
        703.74169921875,
        960.0,
        540.0
      ],
      "appearance_weights": [
        0.5143842101097107,
        0.6100096106529236,
        -0.06652817130088806,
        0.0,
        0.0,
        -0.057865649461746216
      ]
    },
    {
      "pose": [
        0.9818101525306702,
        0.06057938560843468,
        0.17994147539138794,
        -2.2831954956054688,
        -0.033522829413414,
        0.9881533980369568,
        -0.1497635543346405,
        0.3926236033439636,
        -0.1868823766708374,
        0.14100728929042816,
        0.9722098112106323,
        0.8352269530296326
      ],
      "intrinsics": [
        703.74169921875,
        703.74169921875,
        960.0,
        540.0
      ],
      "appearance_weights": [
        0.4911848306655884,
        0.632487416267395,
        -0.0682091936469078,
        0.0,
        0.0,
        -0.0554630309343338
      ]
    },
    {
      "pose": [
        0.9830754399299622,
        0.0586688295006752,
        0.17355293035507202,
        -2.2611913681030273,
        -0.032774847000837326,
        0.9883743524551392,
        -0.14846549928188324,
        0.39045658707618713,
        -0.18024557828903198,
        0.14026466012001038,
        0.973569393157959,
        0.8361444473266602
      ],
      "intrinsics": [
        703.74169921875,
        703.74169921875,
        960.0,
        540.0
      ],
      "appearance_weights": [
        0.467975378036499,
        0.6546959280967712,
        -0.06970737129449844,
        0.0,
        0.0,
        -0.05296393111348152
      ]
    },
    {
      "pose": [
        0.9843010902404785,
        0.0567554347217083,
        0.16712313890457153,
        -2.2385222911834717,
        -0.032014399766922,
        0.9885923862457275,
        -0.14717400074005127,
        0.3883001506328583,
        -0.17356960475444794,
        0.13951323926448822,
        0.9748895764350891,
        0.8371493220329285
      ],
      "intrinsics": [
        703.74169921875,
        703.74169921875,
        960.0,
        540.0
      ],
      "appearance_weights": [
        0.4447978138923645,
        0.6765932440757751,
        -0.07100868970155716,
        0.0,
        0.0,
        -0.050382357090711594
      ]
    },
    {
      "pose": [
        0.9854835271835327,
        0.054843854159116745,
        0.160668283700943,
        -2.215266227722168,
        -0.031243395060300827,
        0.9888071417808533,
        -0.14589151740074158,
        0.38615676760673523,
        -0.16687120497226715,
        0.13875392079353333,
        0.9761666655540466,
        0.8382284045219421
      ],
      "intrinsics": [
        703.74169921875,
        703.74169921875,
        960.0,
        540.0
      ],
      "appearance_weights": [
        0.42169415950775146,
        0.6981373429298401,
        -0.07209915667772293,
        0.0,
        0.0,
        -0.047732312232255936
      ]
    },
    {
      "pose": [
        0.9866196513175964,
        0.05293869972229004,
        0.15420468151569366,
        -2.191500425338745,
        -0.030463799834251404,
        0.9890181422233582,
        -0.14462046325206757,
        0.38402894139289856,
        -0.16016724705696106,
        0.13798779249191284,
        0.9773975014686584,
        0.8393685817718506
      ],
      "intrinsics": [
        703.74169921875,
        703.74169921875,
        960.0,
        540.0
      ],
      "appearance_weights": [
        0.39870643615722656,
        0.7192861437797546,
        -0.07296476513147354,
        0.0,
        0.0,
        -0.045027803629636765
      ]
    },
    {
      "pose": [
        0.9877067804336548,
        0.05104455724358559,
        0.1477486938238144,
        -2.167302370071411,
        -0.02967766858637333,
        0.9892250895500183,
        -0.14336316287517548,
        0.38191908597946167,
        -0.15347464382648468,
        0.1372160017490387,
        0.9785792231559753,
        0.8405566811561584
      ],
      "intrinsics": [
        703.74169921875,
        703.74169921875,
        960.0,
        540.0
      ],
      "appearance_weights": [
        0.37587666511535645,
        0.7399976849555969,
        -0.07359150052070618,
        0.0,
        0.0,
        -0.042282834649086
      ]
    },
    {
      "pose": [
        0.9887427091598511,
        0.049165960401296616,
        0.14131683111190796,
        -2.142749786376953,
        -0.028887124732136726,
        0.9894275665283203,
        -0.14212194085121155,
        0.3798297047615051,
        -0.14681033790111542,
        0.13643985986709595,
        0.9797096252441406,
        0.8417795300483704
      ],
      "intrinsics": [
        703.74169921875,
        703.74169921875,
        960.0,
        540.0
      ],
      "appearance_weights": [
        0.35324686765670776,
        0.7602298855781555,
        -0.07396536320447922,
        0.0,
        0.0,
        -0.039511412382125854
      ]
    },
    {
      "pose": [
        0.9897257089614868,
        0.04730740562081337,
        0.13492561876773834,
        -2.117920398712158,
        -0.028094366192817688,
        0.9896252751350403,
        -0.14089901745319366,
        0.3777632713317871,
        -0.14019137620925903,
        0.1356607973575592,
        0.9807866811752319,
        0.843023955821991
      ],
      "intrinsics": [
        703.74169921875,
        703.74169921875,
        960.0,
        540.0
      ],
      "appearance_weights": [
        0.33085906505584717,
        0.7799408435821533,
        -0.07407234609127045,
        0.0,
        0.0,
        -0.03672754019498825
      ]
    },
    {
      "pose": [
        0.990654468536377,
        0.04547334834933281,
        0.12859168648719788,
        -2.0928914546966553,
        -0.027301661670207977,
        0.9898179173469543,
        -0.1396966129541397,
        0.3757222592830658,
        -0.13363482058048248,
        0.13488036394119263,
        0.9818090796470642,
        0.8442767858505249
      ],
      "intrinsics": [
        703.74169921875,
        703.74169921875,
        960.0,
        540.0
      ],
      "appearance_weights": [
        0.30875521898269653,
        0.7990884184837341,
        -0.07389844954013824,
        0.0,
        0.0,
        -0.033945221453905106
      ]
    },
    {
      "pose": [
        0.9915280938148499,
        0.043668199330568314,
        0.12233169376850128,
        -2.0677404403686523,
        -0.02651134319603443,
        0.9900051951408386,
        -0.1385168582201004,
        0.373709112405777,
        -0.1271577924489975,
        0.13410022854804993,
        0.9827756881713867,
        0.8455249071121216
      ],
      "intrinsics": [
        703.74169921875,
        703.74169921875,
        960.0,
        540.0
      ],
      "appearance_weights": [
        0.2869774103164673,
        0.8176307082176208,
        -0.0734296590089798,
        0.0,
        0.0,
        -0.031178466975688934
      ]
    },
    {
      "pose": [
        0.9923461675643921,
        0.04189632460474968,
        0.11616238951683044,
        -2.0425453186035156,
        -0.02572580985724926,
        0.9901868104934692,
        -0.13736183941364288,
        0.3717263340950012,
        -0.120777428150177,
        0.13332217931747437,
        0.9836859703063965,
        0.8467551469802856
      ],
      "intrinsics": [
        703.74169921875,
        703.74169921875,
        960.0,
        540.0
      ],
      "appearance_weights": [
        0.2655676305294037,
        0.835525631904602,
        -0.07265197485685349,
        0.0,
        0.0,
        -0.028441278263926506
      ]
    },
    {
      "pose": [
        0.9931086301803589,
        0.04016204550862312,
        0.11010052263736725,
        -2.017383575439453,
        -0.02494751662015915,
        0.9903625845909119,
        -0.1362335979938507,
        0.3697763681411743,
        -0.11451086401939392,
        0.13254809379577637,
        0.9845396280288696,
        0.847954273223877
      ],
      "intrinsics": [
        703.74169921875,
        703.74169921875,
        960.0,
        540.0
      ],
      "appearance_weights": [
        0.2445678859949112,
        0.8527311682701111,
        -0.07155139744281769,
        0.0,
        0.0,
        -0.025747662410140038
      ]
    },
    {
      "pose": [
        0.9938159584999084,
        0.03846963867545128,
        0.10416289418935776,
        -1.9923325777053833,
        -0.02417897991836071,
        0.9905322790145874,
        -0.13513413071632385,
        0.36786168813705444,
        -0.10837527364492416,
        0.13177995383739471,
        0.98533695936203,
        0.8491091728210449
      ],
      "intrinsics": [
        703.74169921875,
        703.74169921875,
        960.0,
        540.0
      ],
      "appearance_weights": [
        0.22402019798755646,
        0.8692053556442261,
        -0.07011391222476959,
        0.0,
        0.0,
        -0.023111622780561447
      ]
    },
    {
      "pose": [
        0.9944686889648438,
        0.036823343485593796,
        0.09836632758378983,
        -1.9674699306488037,
        -0.023422764614224434,
        0.9906956553459167,
        -0.13406537473201752,
        0.36598479747772217,
        -0.10238783061504364,
        0.13101986050605774,
        0.9860783815383911,
        0.8502066731452942
      ],
      "intrinsics": [
        703.74169921875,
        703.74169921875,
        960.0,
        540.0
      ],
      "appearance_weights": [
        0.20396658778190613,
        0.8849061131477356,
        -0.06832551211118698,
        0.0,
        0.0,
        -0.02054716646671295
      ]
    },
    {
      "pose": [
        0.9950681328773499,
        0.035227350890636444,
        0.0927276536822319,
        -1.942873239517212,
        -0.02268148586153984,
        0.9908525943756104,
        -0.13302920758724213,
        0.3641481399536133,
        -0.09656570106744766,
        0.13026997447013855,
        0.9867648482322693,
        0.8512336015701294
      ],
      "intrinsics": [
        703.74169921875,
        703.74169921875,
        960.0,
        540.0
      ],
      "appearance_weights": [
        0.18444907665252686,
        0.899791419506073,
        -0.06617220491170883,
        0.0,
        0.0,
        -0.01806829683482647
      ]
    },
    {
      "pose": [
        0.9956154823303223,
        0.03368581086397171,
        0.08726371079683304,
        -1.9186201095581055,
        -0.021957797929644585,
        0.9910028576850891,
        -0.1320275068283081,
        0.36235418915748596,
        -0.09092604368925095,
        0.1295325607061386,
        0.9873974919319153,
        0.8521767854690552
      ],
      "intrinsics": [
        703.74169921875,
        703.74169921875,
        960.0,
        540.0
      ],
      "appearance_weights": [
        0.1655096560716629,
        0.9138193130493164,
        -0.06363997608423233,
        0.0,
        0.0,
        -0.015689020976424217
      ]
    },
    {
      "pose": [
        0.996112585067749,
        0.03220284357666969,
        0.08199135214090347,
        -1.894788146018982,
        -0.021254397928714752,
        0.9911463260650635,
        -0.13106206059455872,
        0.3606054186820984,
        -0.08548600226640701,
        0.12880994379520416,
        0.9879778027534485,
        0.853023111820221
      ],
      "intrinsics": [
        703.74169921875,
        703.74169921875,
        960.0,
        540.0
      ],
      "appearance_weights": [
        0.14719036221504211,
        0.9269477725028992,
        -0.06071481481194496,
        0.0,
        0.0,
        -0.013423343189060688
      ]
    },
    {
      "pose": [
        0.9965613484382629,
        0.03078252263367176,
        0.07692740112543106,
        -1.8714547157287598,
        -0.020574014633893967,
        0.9912828803062439,
        -0.13013464212417603,
        0.35890427231788635,
        -0.080262690782547,
        0.12810450792312622,
        0.9885075688362122,
        0.8537594079971313
      ],
      "intrinsics": [
        703.74169921875,
        703.74169921875,
        960.0,
        540.0
      ],
      "appearance_weights": [
        0.12953321635723114,
        0.9391347765922546,
        -0.057382725179195404,
        0.0,
        0.0,
        -0.011285269632935524
      ]
    },
    {
      "pose": [
        0.9969639182090759,
        0.02942889742553234,
        0.07208868861198425,
        -1.848697543144226,
        -0.01991940103471279,
        0.991412341594696,
        -0.1292470097541809,
        0.3572532832622528,
        -0.07527321577072144,
        0.12741869688034058,
        0.9889885783195496,
        0.8543724417686462
      ],
      "intrinsics": [
        703.74169921875,
        703.74169921875,
        960.0,
        540.0
      ],
      "appearance_weights": [
        0.11258021742105484,
        0.9503383040428162,
        -0.05362970009446144,
        0.0,
        0.0,
        -0.009288804605603218
      ]
    },
    {
      "pose": [
        0.997322678565979,
        0.028145981952548027,
        0.06749201565980911,
        -1.8265942335128784,
        -0.01929333806037903,
        0.9915347099304199,
        -0.12840086221694946,
        0.35565486550331116,
        -0.07053464651107788,
        0.1267549991607666,
        0.9894230961799622,
        0.854849100112915
      ],
      "intrinsics": [
        703.74169921875,
        703.74169921875,
        960.0,
        540.0
      ],
      "appearance_weights": [
        0.09637339413166046,
        0.9605162739753723,
        -0.049441736191511154,
        0.0,
        0.0,
        -0.007447953801602125
      ]
    },
    {
      "pose": [
        0.9976401329040527,
        0.02693776972591877,
        0.0631541833281517,
        -1.8052222728729248,
        -0.018698617815971375,
        0.9916497468948364,
        -0.1275978833436966,
        0.35411152243614197,
        -0.0660640299320221,
        0.12611593306064606,
        0.9898132681846619,
        0.8551762104034424
      ],
      "intrinsics": [
        703.74169921875,
        703.74169921875,
        960.0,
        540.0
      ],
      "appearance_weights": [
        0.08095475286245346,
        0.969626784324646,
        -0.04480482265353203,
        0.0,
        0.0,
        -0.005776722449809313
      ]
    },
    {
      "pose": [
        0.9979188442230225,
        0.02580822817981243,
        0.05909193679690361,
        -1.7846591472625732,
        -0.018138043582439423,
        0.9917573928833008,
        -0.1268397569656372,
        0.3526257276535034,
        -0.061878375709056854,
        0.1255040168762207,
        0.9901615381240845,
        0.8553406596183777
      ],
      "intrinsics": [
        703.74169921875,
        703.74169921875,
        960.0,
        540.0
      ],
      "appearance_weights": [
        0.06636630743741989,
        0.9776277542114258,
        -0.039704956114292145,
        0.0,
        0.0,
